<WeldAnalyseData xmlns:i="http:www.w3.org/2001/XMLSchema-instance">
<WeldParameter>
<TimeStamp>DT#2024-06-25-18:36:02</TimeStamp>
<UserName>operator</UserName>
<Generator>SG-22-10000</Generator>
<GenFreq>20</GenFreq>
<MaxForce>10000</MaxForce>
<MaxPower>10000</MaxPower>
<RunupPressure>2</RunupPressure>
<RunupDist>5</RunupDist>
<RunPress>0.7</RunPress>
<RunBackPress1>4</RunBackPress1>
<RunBackPress2>2</RunBackPress2>
<RunBackDist>5</RunBackDist>
<TrigValue>1000</TrigValue>
<TrigModeUnit>W</TrigModeUnit>
<WeldModeUnit>Ws</WeldModeUnit>
<PressNr>19.2326</PressNr>
<MaxLoss>300</MaxLoss>
</WeldParameter>
<WeldSets>
<WeldSet>
<PressRiseTime>0.1</PressRiseTime>
<RunPressure>2.2</RunPressure>
<Amplitude>85</Amplitude>
<WeldMode>6000</WeldMode>
</WeldSet>
<WeldSet>
<PressRiseTime>0.1</PressRiseTime>
<RunPressure>2.6</RunPressure>
<Amplitude>90</Amplitude>
<WeldMode>12000</WeldMode>
</WeldSet>
</WeldSets>
<WeldValue>
<WeldNr>261776</WeldNr>
<RecipeName>CCS2_CVS.CSV</RecipeName>
<WeldTime>3847</WeldTime>
<DistDiff>2.26</DistDiff>
<DistAbs>75.21</DistAbs>
<Energy>18003.6</Energy>
<MaxPower>7160</MaxPower>
<CycleTime>8690</CycleTime>
<TrigForce>1033.05</TrigForce>
<TrigDist>72.95</TrigDist>
<RunSpeed>58.6415</RunSpeed>
<MaxForce>3619</MaxForce>
<LossPower>13.2756</LossPower>
<ErrorNr>0</ErrorNr>
</WeldValue>
</WeldAnalyseData>
#CSV-START#
ms;Power[W];Force[N];Distance[mm]
1;0;0;0
2;127.72;1082;0.03
3;125.28;1082;0.03
4;127.72;1087;0.03
5;125.28;1090;0.03
6;130.16;1092;0.03
7;85.91;1090;0.04
8;99.64;1028;0.04
9;282.14;977;0.06
10;341.35;949;0.08
11;358.75;932;0.11
12;373.39;920;0.14
13;393.23;915;0.17
14;430.16;910;0.21
15;471.97;900;0.25
16;509.2;890;0.29
17;536.36;907;0.33
18;558.34;917;0.37
19;583.06;937;0.4
20;607.78;962;0.44
21;634.94;981;0.47
22;662.1;996;0.5
23;684.07;1016;0.52
24;694.14;1028;0.54
25;701.47;1055;0.55
26;706.35;1082;0.57
27;706.35;1092;0.58
28;708.79;1117;0.58
29;711.23;1129;0.59
30;708.79;1137;0.59
31;701.47;1142;0.59
32;686.51;1149;0.59
33;669.42;1154;0.6
34;654.47;1164;0.6
35;642.26;1162;0.6
36;637.38;1159;0.61
37;634.94;1176;0.61
38;632.5;1174;0.61
39;627.61;1184;0.62
40;622.43;1196;0.62
41;619.98;1201;0.62
42;630.05;1203;0.62
43;634.94;1203;0.63
44;634.94;1208;0.63
45;634.94;1216;0.63
46;632.5;1226;0.63
47;632.5;1223;0.64
48;634.94;1231;0.64
49;642.26;1231;0.64
50;647.14;1233;0.65
51;652.03;1238;0.65
52;656.91;1250;0.65
53;659.66;1255;0.66
54;656.91;1265;0.66
55;659.66;1260;0.66
56;666.98;1253;0.66
57;674.31;1270;0.67
58;676.75;1275;0.67
59;679.19;1275;0.67
60;681.63;1285;0.67
61;689.26;1299;0.67
62;701.47;1305;0.68
63;713.68;1299;0.68
64;723.75;1295;0.68
65;728.63;1310;0.68
66;735.95;1324;0.68
67;743.28;1317;0.69
68;758.23;1322;0.69
69;780.51;1329;0.69
70;797.6;1329;0.69
71;812.56;1329;0.69
72;824.76;1332;0.7
73;832.09;1342;0.7
74;836.97;1356;0.7
75;851.92;1346;0.7
76;871.76;1339;0.7
77;893.73;1356;0.71
78;913.57;1354;0.71
79;928.22;1356;0.71
80;945.62;1364;0.71
81;970.34;1379;0.72
82;1002.38;1374;0.72
83;1034.42;1376;0.72
84;1059.14;1371;0.72
85;1076.24;1391;0.72
86;1091.19;1408;0.73
87;1105.84;1391;0.73
88;1130.56;1398;0.73
89;1157.72;1411;0.73
90;1184.88;1406;0.74
91;1204.41;1401;0.74
92;1219.37;1408;0.74
93;1224.25;1418;0.74
94;1234.02;1433;0.74
95;1253.85;1415;0.75
96;1268.81;1406;0.75
97;1288.34;1430;0.75
98;1310.62;1426;0.75
99;1325.27;1426;0.76
100;1335.34;1433;0.76
101;1352.43;1447;0.76
102;1389.36;1445;0.76
103;1418.96;1445;0.77
104;1441.24;1435;0.77
105;1456.19;1458;0.77
106;1468.4;1477;0.77
107;1473.28;1455;0.78
108;1490.68;1465;0.78
109;1522.72;1470;0.78
110;1547.44;1467;0.78
111;1574.6;1462;0.79
112;1586.81;1472;0.79
113;1584.37;1480;0.79
114;1589.25;1499;0.79
115;1616.41;1475;0.8
116;1646.02;1465;0.8
117;1670.74;1490;0.8
118;1685.38;1485;0.8
119;1700.34;1485;0.81
120;1700.34;1497;0.81
121;1727.5;1504;0.81
122;1769.31;1504;0.82
123;1803.8;1507;0.82
124;1833.4;1494;0.82
125;1853.24;1519;0.82
126;1863;1539;0.83
127;1865.44;1519;0.83
128;1892.61;1527;0.83
129;1927.09;1536;0.84
130;1956.69;1529;0.84
131;1981.41;1529;0.84
132;1986.3;1534;0.84
133;1971.65;1544;0.85
134;1974.09;1559;0.85
135;2006.13;1541;0.85
136;2038.18;1529;0.85
137;2057.71;1554;0.86
138;2072.66;1554;0.86
139;2072.66;1554;0.86
140;2060.15;1569;0.86
141;2094.94;1574;0.87
142;2141.64;1576;0.87
143;2178.56;1576;0.87
144;2198.4;1563;0.87
145;2213.05;1588;0.88
146;2210.61;1608;0.88
147;2200.84;1583;0.88
148;2223.12;1593;0.88
149;2264.93;1598;0.89
150;2287.21;1588;0.89
151;2301.86;1593;0.89
152;2296.98;1598;0.89
153;2267.37;1608;0.9
154;2260.05;1623;0.9
155;2287.21;1603;0.9
156;2321.7;1591;0.9
157;2341.53;1620;0.91
158;2346.42;1615;0.91
159;2336.65;1618;0.91
160;2319.25;1638;0.91
161;2348.86;1638;0.91
162;2400.74;1638;0.92
163;2437.67;1640;0.92
164;2459.94;1633;0.92
165;2462.39;1652;0.92
166;2447.43;1677;0.92
167;2435.22;1650;0.93
168;2449.87;1660;0.93
169;2494.43;1665;0.93
170;2526.47;1655;0.93
171;2538.68;1662;0.94
172;2528.92;1670;0.94
173;2499.31;1675;0.94
174;2474.59;1679;0.94
175;2496.87;1670;0.94
176;2531.36;1655;0.95
177;2558.52;1684;0.95
178;2563.4;1679;0.95
179;2548.45;1682;0.95
180;2524.03;1699;0.96
181;2538.68;1699;0.96
182;2597.89;1704;0.96
183;2647.33;1697;0.96
184;2671.74;1699;0.96
185;2681.81;1717;0.97
186;2661.98;1739;0.97
187;2642.45;1714;0.97
188;2664.42;1726;0.97
189;2711.42;1726;0.97
190;2743.46;1717;0.98
191;2755.67;1724;0.98
192;2738.58;1729;0.98
193;2694.02;1746;0.98
194;2679.37;1744;0.98
195;2708.98;1729;0.99
196;2750.79;1719;0.99
197;2773.06;1749;0.99
198;2780.39;1741;0.99
199;2760.55;1744;0.99
200;2730.95;1763;1
201;2760.55;1766;1
202;2827.39;1768;1
203;2871.64;1751;1
204;2896.36;1766;1
205;2896.36;1783;1.01
206;2874.08;1798;1.01
207;2859.43;1778;1.01
208;2893.92;1791;1.01
209;2943.05;1793;1.01
210;2972.66;1778;1.02
211;2982.73;1793;1.02
212;2960.45;1793;1.02
213;2908.57;1823;1.02
214;2903.68;1805;1.02
215;2925.96;1793;1.02
216;2970.21;1788;1.03
217;2999.82;1813;1.03
218;3009.89;1805;1.03
219;2997.38;1813;1.03
220;2960.45;1832;1.03
221;2975.1;1830;1.04
222;3039.49;1832;1.04
223;3091.07;1803;1.04
224;3120.67;1835;1.04
225;3133.18;1845;1.04
226;3110.9;1859;1.05
227;3081.3;1842;1.05
228;3108.46;1855;1.05
229;3155.16;1855;1.05
230;3184.76;1840;1.05
231;3202.15;1855;1.06
232;3184.76;1857;1.06
233;3133.18;1904;1.06
234;3110.9;1865;1.06
235;3147.83;1855;1.06
236;3189.64;1840;1.07
237;3209.48;1872;1.07
238;3224.43;1870;1.07
239;3199.71;1867;1.07
240;3160.04;1894;1.07
241;3187.2;1894;1.08
242;3251.29;1889;1.08
243;3295.85;1887;1.08
244;3325.45;1887;1.08
245;3335.22;1911;1.08
246;3303.17;1931;1.09
247;3278.45;1902;1.09
248;3318.12;1916;1.09
249;3364.82;1919;1.09
250;3396.86;1902;1.09
251;3416.7;1916;1.1
252;3391.98;1916;1.1
253;3332.77;1934;1.1
254;3330.33;1934;1.1
255;3372.14;1914;1.1
256;3411.82;1897;1.11
257;3436.54;1934;1.11
258;3448.74;1931;1.11
259;3414.26;1926;1.11
260;3382.21;1956;1.11
261;3428.91;1951;1.12
262;3488.11;1953;1.12
263;3522.6;1934;1.12
264;3562.27;1951;1.12
265;3569.6;1968;1.12
266;3535.11;1990;1.13
267;3510.39;1961;1.13
268;3549.76;1975;1.13
269;3596.76;1975;1.13
270;3628.8;1958;1.13
271;3653.52;1973;1.14
272;3628.8;1973;1.14
273;3564.71;2005;1.14
274;3559.83;1986;1.14
275;3604.08;1971;1.14
276;3645.89;1958;1.15
277;3675.5;1988;1.15
278;3688.01;1983;1.15
279;3648.34;1986;1.15
280;3608.97;2015;1.15
281;3660.85;2005;1.16
282;3722.5;2008;1.16
283;3764.31;1975;1.16
284;3808.86;2010;1.16
285;3801.54;2025;1.16
286;3756.98;2040;1.16
287;3737.14;2020;1.17
288;3769.19;2027;1.17
289;3818.63;2027;1.17
290;3855.56;2013;1.17
291;3887.6;2027;1.17
292;3868.07;2030;1.18
293;3796.35;2072;1.18
294;3776.82;2037;1.18
295;3821.07;2022;1.18
296;3868.07;2015;1.18
297;3900.11;2040;1.19
298;3922.09;2037;1.19
299;3885.16;2040;1.19
300;3830.84;2064;1.19
301;3868.07;2059;1.19
302;3941.92;2059;1.2
303;3993.8;2013;1.2
304;4040.5;2067;1.2
305;4050.57;2074;1.2
306;4001.13;2091;1.2
307;3969.08;2072;1.21
308;4016.08;2082;1.21
309;4072.54;2084;1.21
310;4112.22;2062;1.21
311;4139.38;2079;1.21
312;4104.59;2082;1.22
313;4020.97;2143;1.22
314;4006.01;2087;1.22
315;4062.78;2077;1.22
316;4112.22;2072;1.22
317;4149.14;2094;1.23
318;4156.47;2089;1.23
319;4102.15;2094;1.23
320;4048.13;2121;1.23
321;4102.15;2111;1.23
322;4186.07;2111;1.23
323;4240.39;2052;1.24
324;4287.09;2121;1.24
325;4277.32;2131;1.24
326;4213.23;2138;1.24
327;4186.07;2119;1.24
328;4247.72;2134;1.24
329;4311.81;2138;1.25
330;4356.36;2123;1.25
331;4366.13;2123;1.25
332;4302.04;2136;1.25
333;4208.35;2141;1.25
334;4213.23;2170;1.25
335;4250.16;2123;1.26
336;4316.69;2111;1.26
337;4356.36;2148;1.26
338;4368.57;2141;1.26
339;4311.81;2136;1.26
340;4233.07;2166;1.26
341;4260.23;2166;1.27
342;4358.81;2161;1.27
343;4432.66;2161;1.27
344;4482.1;2141;1.27
345;4477.22;2188;1.27
346;4415.57;2203;1.27
347;4356.36;2173;1.27
348;4405.5;2188;1.28
349;4491.87;2190;1.28
350;4546.19;2168;1.28
351;4560.84;2178;1.28
352;4501.63;2188;1.28
353;4393.29;2193;1.28
354;4361.25;2215;1.29
355;4430.22;2175;1.29
356;4506.82;2161;1.29
357;4548.63;2200;1.29
358;4543.75;2190;1.29
359;4467.15;2185;1.29
360;4388.41;2222;1.29
361;4445.17;2220;1.3
362;4558.4;2212;1.3
363;4637.44;2205;1.3
364;4679.25;2200;1.3
365;4659.72;2237;1.3
366;4575.79;2254;1.3
367;4526.35;2222;1.3
368;4598.07;2235;1.31
369;4694.2;2242;1.31
370;4748.53;2217;1.31
371;4748.53;2227;1.31
372;4664.6;2237;1.31
373;4541.31;2254;1.31
374;4536.42;2257;1.31
375;4624.93;2227;1.32
376;4708.85;2205;1.32
377;4750.97;2252;1.32
378;4726.25;2237;1.32
379;4630.12;2237;1.32
380;4558.4;2271;1.32
381;4642.32;2262;1.32
382;4748.53;2259;1.33
383;4849.54;2244;1.33
384;4893.8;2250;1.33
385;4864.19;2282;1.33
386;4768.06;2306;1.33
387;4706.41;2269;1.33
388;4783.01;2282;1.33
389;4893.8;2289;1.34
390;4955.44;2257;1.34
391;4948.12;2279;1.34
392;4859.31;2286;1.34
393;4721.37;2316;1.34
394;4703.97;2301;1.34
395;4800.1;2274;1.34
396;4896.24;2252;1.35
397;4935.91;2294;1.35
398;4911.19;2286;1.35
399;4810.17;2284;1.35
400;4726.25;2318;1.35
401;4815.06;2311;1.35
402;4957.88;2306;1.35
403;5054.32;2274;1.36
404;5086.37;2304;1.36
405;5044.25;2333;1.36
406;4977.72;2351;1.36
407;4891.35;2318;1.36
408;4948.12;2328;1.36
409;5064.09;2336;1.36
410;5140.39;2306;1.37
411;5152.9;2323;1.37
412;5088.81;2328;1.37
413;4945.68;2375;1.37
414;4888.91;2338;1.37
415;4972.84;2314;1.37
416;5083.93;2299;1.37
417;5142.83;2338;1.38
418;5140.39;2328;1.38
419;5056.76;2328;1.38
420;4948.12;2363;1.38
421;5002.44;2353;1.38
422;5145.57;2353;1.38
423;5256.36;2306;1.38
424;5308.24;2355;1.38
425;5283.52;2375;1.39
426;5187.38;2395;1.39
427;5113.22;2363;1.39
428;5189.83;2373;1.39
429;5300.91;2380;1.39
430;5362.56;2348;1.39
431;5369.88;2365;1.39
432;5293.28;2370;1.4
433;5150.46;2434;1.4
434;5125.74;2375;1.4
435;5216.99;2360;1.4
436;5315.56;2346;1.4
437;5360.12;2380;1.4
438;5354.93;2373;1.41
439;5261.24;2370;1.41
440;5172.43;2407;1.41
441;5253.91;2395;1.41
442;5389.72;2390;1.41
443;5480.97;2328;1.41
444;5515.46;2398;1.41
445;5485.86;2415;1.42
446;5384.53;2432;1.42
447;5342.72;2402;1.42
448;5424.21;2415;1.42
449;5522.78;2415;1.42
450;5567.03;2387;1.42
451;5574.66;2407;1.42
452;5490.74;2410;1.43
453;5360.12;2486;1.43
454;5345.16;2407;1.43
455;5414.14;2402;1.43
456;5505.39;2390;1.43
457;5554.83;2415;1.43
458;5572.22;2415;1.43
459;5507.83;2412;1.44
460;5404.37;2447;1.44
461;5448.62;2432;1.44
462;5567.03;2434;1.44
463;5660.73;2355;1.44
464;5707.72;2447;1.44
465;5705.28;2457;1.44
466;5623.8;2464;1.45
467;5557.27;2444;1.45
468;5614.03;2454;1.45
469;5700.4;2459;1.45
470;5747.09;2427;1.45
471;5771.81;2449;1.45
472;5715.05;2452;1.45
473;5591.75;2538;1.46
474;5567.03;2447;1.46
475;5636.31;2437;1.46
476;5707.72;2434;1.46
477;5749.53;2459;1.46
478;5757.16;2452;1.46
479;5687.89;2447;1.47
480;5606.71;2486;1.47
481;5668.36;2471;1.47
482;5771.81;2474;1.47
483;5848.41;2383;1.47
484;5890.23;2489;1.47
485;5872.83;2496;1.47
486;5789.21;2496;1.47
487;5749.53;2486;1.48
488;5811.18;2491;1.48
489;5885.34;2501;1.48
490;5919.83;2464;1.48
491;5942.11;2491;1.48
492;5875.27;2489;1.48
493;5759.61;2585;1.48
494;5764.49;2476;1.49
495;5826.14;2476;1.49
496;5885.34;2476;1.49
497;5924.71;2491;1.49
498;5924.71;2491;1.49
499;5843.23;2481;1.49
500;5791.65;2523;1.49
501;5858.18;2508;1.5
502;5936.92;2513;1.5
503;6006.2;2415;1.5
504;6048.01;2528;1.5
505;6043.12;2533;1.5
506;5961.64;2531;1.5
507;5927.15;2523;1.5
508;5979.03;2528;1.51
509;6043.12;2535;1.51
510;6082.49;2506;1.51
511;6109.65;2518;1.51
512;6045.56;2528;1.51
513;5927.15;2555;1.51
514;5939.67;2550;1.51
515;5991.24;2503;1.51
516;6048.01;2491;1.52
517;6089.82;2533;1.52
518;6092.56;2526;1.52
519;6011.08;2516;1.52
520;5954.31;2553;1.52
521;6025.73;2548;1.52
522;6109.65;2543;1.52
523;6166.42;2508;1.53
524;6215.86;2526;1.53
525;6196.02;2572;1.53
526;6146.58;2587;1.53
527;6084.93;2550;1.53
528;6134.37;2565;1.53
529;6193.58;2570;1.53
530;6237.83;2535;1.53
531;6277.51;2555;1.54
532;6235.39;2560;1.54
533;6114.54;2610;1.54
534;6095;2578;1.54
535;6151.77;2538;1.54
536;6210.67;2526;1.54
537;6264.99;2565;1.54
538;6292.15;2555;1.55
539;6223.18;2546;1.55
540;6141.7;2590;1.55
541;6210.67;2578;1.55
542;6297.04;2572;1.55
543;6363.57;2526;1.55
544;6427.96;2568;1.56
545;6430.4;2607;1.56
546;6333.96;2622;1.56
547;6301.92;2587;1.56
548;6363.57;2600;1.56
549;6422.77;2607;1.56
550;6469.77;2570;1.56
551;6509.14;2590;1.56
552;6427.96;2595;1.57
553;6287.27;2656;1.57
554;6301.92;2605;1.57
555;6366.31;2578;1.57
556;6420.33;2558;1.57
557;6477.1;2602;1.57
558;6477.1;2595;1.57
559;6368.76;2585;1.57
560;6297.04;2629;1.58
561;6390.73;2617;1.58
562;6474.65;2615;1.58
563;6536.3;2543;1.58
564;6610.46;2610;1.58
565;6578.11;2644;1.58
566;6460.01;2659;1.58
567;6449.93;2622;1.58
568;6528.98;2637;1.58
569;6593.07;2639;1.59
570;6649.83;2602;1.59
571;6659.6;2624;1.59
572;6538.74;2632;1.59
573;6435.29;2703;1.59
574;6408.12;2637;1.59
575;6494.49;2607;1.59
576;6563.46;2595;1.59
577;6625.11;2634;1.6
578;6642.51;2627;1.6
579;6533.86;2619;1.6
580;6410.57;2666;1.6
581;6496.93;2651;1.6
582;6597.95;2644;1.6
583;6674.55;2560;1.6
584;6755.73;2649;1.6
585;6743.52;2674;1.6
586;6612.9;2688;1.61
587;6546.07;2656;1.61
588;6642.51;2666;1.61
589;6721.24;2674;1.61
590;6785.33;2629;1.61
591;6807.61;2656;1.61
592;6694.08;2661;1.61
593;6501.82;2745;1.61
594;6516.46;2656;1.61
595;6617.79;2637;1.62
596;6694.08;2629;1.62
597;6763.36;2661;1.62
598;6748.41;2656;1.62
599;6600.39;2647;1.62
600;6494.49;2694;1.62
601;6620.23;2679;1.62
602;6733.76;2674;1.62
603;6817.38;2582;1.62
604;6891.54;2683;1.62
605;6842.1;2703;1.63
606;6681.88;2713;1.63
607;6647.39;2686;1.63
608;6768.24;2694;1.63
609;6854.61;2706;1.63
610;6930.91;2661;1.63
611;6921.14;2686;1.63
612;6760.61;2686;1.63
613;6563.46;2787;1.63
614;6620.23;2681;1.63
615;6741.08;2669;1.64
616;6827.45;2659;1.64
617;6893.98;2688;1.64
618;6834.77;2686;1.64
619;6654.71;2674;1.64
620;6580.86;2723;1.64
621;6701.71;2703;1.64
622;6837.21;2701;1.64
623;6930.91;2605;1.64
624;7009.95;2718;1.64
625;6945.86;2728;1.65
626;6768.24;2740;1.65
627;6723.69;2713;1.65
628;6854.61;2720;1.65
629;6965.39;2730;1.65
630;7044.44;2691;1.65
631;7022.16;2716;1.65
632;6839.66;2713;1.65
633;6625.11;2819;1.65
634;6676.99;2706;1.65
635;6807.61;2696;1.66
636;6911.07;2694;1.66
637;6975.46;2716;1.66
638;6903.74;2713;1.66
639;6711.48;2701;1.66
640;6625.11;2750;1.66
641;6785.33;2733;1.66
642;6923.58;2730;1.66
643;7029.48;2622;1.66
644;7071.6;2750;1.66
645;7031.92;2753;1.66
646;6857.05;2760;1.66
647;6748.41;2745;1.67
648;6874.14;2748;1.67
649;6999.88;2758;1.67
650;7083.8;2718;1.67
651;7093.57;2743;1.67
652;6938.23;2740;1.67
653;6696.52;2854;1.67
654;6686.76;2728;1.67
655;6827.45;2723;1.67
656;6945.86;2723;1.67
657;7024.6;2743;1.68
658;6977.9;2738;1.68
659;6795.4;2726;1.68
660;6644.95;2775;1.68
661;6787.77;2755;1.68
662;6943.11;2753;1.68
663;7049.32;2642;1.68
664;7123.17;2782;1.68
665;7051.76;2777;1.68
666;6857.05;2780;1.68
667;6792.96;2767;1.68
668;6935.79;2770;1.68
669;7061.53;2780;1.69
670;7143.01;2743;1.69
671;7110.97;2770;1.69
672;6923.58;2763;1.69
673;6686.76;2876;1.69
674;6728.57;2753;1.69
675;6874.14;2745;1.69
676;6990.11;2750;1.69
677;7056.64;2763;1.69
678;6977.9;2763;1.69
679;6775.57;2755;1.69
680;6672.11;2799;1.69
681;6834.77;2780;1.7
682;6990.11;2775;1.7
683;7093.57;2666;1.7
684;7143.01;2807;1.7
685;7037.11;2802;1.7
686;6829.89;2802;1.7
687;6819.82;2795;1.7
688;6970.28;2795;1.7
689;7086.25;2802;1.7
690;7160.41;2765;1.7
691;7096.01;2792;1.7
692;6980.35;2787;1.7
693;6736.2;2888;1.71
694;6706.6;2780;1.71
695;6849.42;2770;1.71
696;6972.72;2760;1.71
697;7051.76;2790;1.71
698;7007.51;2787;1.71
699;6819.82;2772;1.71
700;6654.71;2822;1.71
701;6782.89;2804;1.71
702;6940.67;2802;1.71
703;7049.32;2701;1.71
704;7118.29;2822;1.71
705;7046.88;2827;1.71
706;6849.42;2834;1.72
707;6773.13;2814;1.72
708;6911.07;2814;1.72
709;7029.48;2827;1.72
710;7106.08;2785;1.72
711;7086.25;2812;1.72
712;6906.19;2807;1.72
713;6679.43;2915;1.72
714;6701.71;2799;1.72
715;6834.77;2792;1.72
716;6940.67;2787;1.72
717;6999.88;2809;1.72
718;6933.35;2807;1.72
719;6743.52;2795;1.73
720;6629.99;2842;1.73
721;6775.57;2824;1.73
722;6906.19;2824;1.73
723;6997.44;2708;1.73
724;7056.64;2844;1.73
725;6962.95;2846;1.73
726;6775.57;2851;1.73
727;6750.85;2834;1.73
728;6884.21;2839;1.73
729;6977.9;2846;1.73
730;7039.55;2809;1.73
731;7002.32;2829;1.73
732;6812.49;2829;1.74
733;6622.67;2940;1.74
734;6686.76;2814;1.74
735;6802.73;2809;1.74
736;6886.65;2814;1.74
737;6933.35;2827;1.74
738;6851.86;2824;1.74
739;6662.04;2814;1.74
740;6588.18;2861;1.74
741;6721.24;2842;1.74
742;6839.66;2844;1.74
743;6921.14;2728;1.74
744;6977.9;2864;1.74
745;6901.3;2861;1.74
746;6731.32;2864;1.75
747;6704.15;2856;1.75
748;6822.26;2854;1.75
749;6906.19;2861;1.75
750;6965.39;2827;1.75
751;6938.23;2851;1.75
752;6770.68;2849;1.75
753;6585.74;2955;1.75
754;6644.95;2834;1.75
755;6745.96;2827;1.75
756;6825.01;2839;1.75
757;6866.82;2842;1.75
758;6797.85;2846;1.75
759;6622.67;2836;1.75
760;6561.02;2879;1.76
761;6696.52;2856;1.76
762;6800.29;2856;1.76
763;6842.1;2745;1.76
764;6913.51;2883;1.76
765;6874.14;2881;1.76
766;6721.24;2876;1.76
767;6642.51;2871;1.76
768;6745.96;2871;1.76
769;6827.45;2879;1.76
770;6886.65;2844;1.76
771;6889.1;2871;1.76
772;6758.17;2864;1.76
773;6561.02;2972;1.76
774;6568.35;2846;1.76
775;6664.48;2846;1.77
776;6738.64;2856;1.77
777;6790.22;2859;1.77
778;6758.17;2859;1.77
779;6605.27;2854;1.77
780;6496.93;2893;1.77
781;6605.27;2874;1.77
782;6706.6;2868;1.77
783;6773.13;2765;1.77
784;6829.89;2871;1.77
785;6775.57;2901;1.77
786;6625.11;2915;1.77
787;6593.07;2881;1.77
788;6689.2;2886;1.77
789;6758.17;2891;1.77
790;6812.49;2861;1.78
791;6795.4;2876;1.78
792;6662.04;2879;1.78
793;6484.42;2952;1.78
794;6533.86;2886;1.78
795;6612.9;2859;1.78
796;6676.99;2842;1.78
797;6723.69;2881;1.78
798;6669.36;2871;1.78
799;6516.46;2864;1.78
800;6454.82;2908;1.78
801;6563.46;2893;1.78
802;6647.39;2886;1.78
803;6709.04;2809;1.78
804;6750.85;2888;1.78
805;6679.43;2913;1.78
806;6536.3;2928;1.78
807;6548.81;2898;1.79
808;6632.44;2903;1.79
809;6689.2;2906;1.79
810;6733.76;2871;1.79
811;6731.32;2893;1.79
812;6625.11;2898;1.79
813;6452.38;2972;1.79
814;6447.49;2896;1.79
815;6524.09;2874;1.79
816;6585.74;2859;1.79
817;6627.55;2893;1.79
818;6610.46;2888;1.79
819;6481.98;2881;1.79
820;6380.96;2923;1.79
821;6472.21;2906;1.79
822;6551.26;2898;1.79
823;6610.46;2814;1.79
824;6662.04;2911;1.8
825;6622.67;2928;1.8
826;6494.49;2940;1.8
827;6464.89;2911;1.8
828;6536.3;2915;1.8
829;6593.07;2923;1.8
830;6634.88;2883;1.8
831;6629.99;2911;1.8
832;6516.46;2908;1.8
833;6361.13;2997;1.8
834;6390.73;2906;1.8
835;6452.38;2886;1.8
836;6504.26;2876;1.8
837;6541.19;2906;1.8
838;6506.7;2901;1.8
839;6378.52;2891;1.8
840;6321.76;2938;1.8
841;6405.68;2918;1.8
842;6481.98;2913;1.8
843;6528.98;2814;1.81
844;6568.35;2928;1.81
845;6511.58;2938;1.81
846;6395.92;2947;1.81
847;6393.17;2925;1.81
848;6454.82;2930;1.81
849;6501.82;2935;1.81
850;6536.3;2898;1.81
851;6516.46;2920;1.81
852;6403.24;2918;1.81
853;6279.95;3019;1.81
854;6329.08;2911;1.81
855;6380.96;2903;1.81
856;6422.77;2896;1.81
857;6452.38;2915;1.81
858;6420.33;2915;1.81
859;6307.11;2906;1.81
860;6250.34;2947;1.81
861;6329.08;2930;1.81
862;6398.36;2928;1.81
863;6445.05;2827;1.81
864;6479.54;2947;1.81
865;6432.84;2950;1.82
866;6321.76;2950;1.82
867;6319.32;2938;1.82
868;6376.08;2938;1.82
869;6422.77;2947;1.82
870;6452.38;2908;1.82
871;6440.17;2933;1.82
872;6336.71;2925;1.82
873;6220.74;3036;1.82
874;6260.11;2915;1.82
875;6309.55;2911;1.82
876;6351.36;2911;1.82
877;6376.08;2925;1.82
878;6336.71;2925;1.82
879;6223.18;2915;1.82
880;6200.9;2957;1.82
881;6250.34;2938;1.82
882;6319.32;2938;1.82
883;6368.76;2834;1.82
884;6413.01;2957;1.82
885;6380.96;2957;1.82
886;6287.27;2955;1.82
887;6250.34;2945;1.82
888;6301.92;2945;1.82
889;6351.36;2957;1.83
890;6380.96;2920;1.83
891;6385.85;2943;1.83
892;6307.11;2938;1.83
893;6178.63;3046;1.83
894;6191.14;2923;1.83
895;6243.02;2920;1.83
896;6289.71;2925;1.83
897;6316.87;2933;1.83
898;6297.04;2933;1.83
899;6198.46;2923;1.83
900;6144.14;2962;1.83
901;6210.67;2945;1.83
902;6282.39;2943;1.83
903;6321.76;2839;1.83
904;6353.8;2970;1.83
905;6314.43;2965;1.83
906;6220.74;2960;1.83
907;6208.23;2955;1.83
908;6260.11;2955;1.83
909;6307.11;2960;1.83
910;6333.96;2928;1.83
911;6329.08;2950;1.83
912;6235.39;2950;1.83
913;6129.49;3051;1.83
914;6159.09;2933;1.83
915;6203.34;2928;1.83
916;6245.46;2940;1.84
917;6267.43;2940;1.84
918;6232.95;2938;1.84
919;6134.37;2930;1.84
920;6107.21;2967;1.84
921;6173.74;2952;1.84
922;6245.46;2945;1.84
923;6279.95;2846;1.84
924;6301.92;2975;1.84
925;6250.34;2970;1.84
926;6156.65;2960;1.84
927;6163.98;2965;1.84
928;6215.86;2960;1.84
929;6243.02;2967;1.84
930;6269.88;2933;1.84
931;6277.51;2957;1.84
932;6203.34;2957;1.84
933;6087.37;3059;1.84
934;6095;2933;1.84
935;6141.7;2933;1.84
936;6183.81;2947;1.84
937;6210.67;2945;1.84
938;6193.58;2945;1.84
939;6104.77;2943;1.84
940;6045.56;2977;1.84
941;6104.77;2957;1.84
942;6173.74;2952;1.84
943;6215.86;2854;1.84
944;6247.9;2987;1.84
945;6205.79;2977;1.84
946;6114.54;2960;1.84
947;6097.45;2970;1.84
948;6146.58;2970;1.85
949;6191.14;2967;1.85
950;6213.42;2940;1.85
951;6208.23;2960;1.85
952;6127.05;2967;1.85
953;6018.4;3059;1.85
954;6043.12;2938;1.85
955;6084.93;2940;1.85
956;6127.05;2957;1.85
957;6144.14;2950;1.85
958;6116.98;2952;1.85
959;6020.84;2955;1.85
960;5983.92;2982;1.85
961;6048.01;2962;1.85
962;6116.98;2952;1.85
963;6154.21;2868;1.85
964;6171.3;2990;1.85
965;6122.17;2982;1.85
966;6030.92;2997;1.85
967;6033.36;2970;1.85
968;6082.49;2975;1.85
969;6124.61;2975;1.85
970;6144.14;2940;1.85
971;6124.61;2965;1.85
972;6028.17;2967;1.85
973;5942.11;3046;1.85
974;5976.59;2957;1.85
975;6018.4;2943;1.85
976;6045.56;2935;1.85
977;6065.4;2960;1.85
978;6035.8;2957;1.85
979;5944.55;2950;1.85
980;5902.43;2990;1.85
981;5966.52;2970;1.85
982;6040.68;2967;1.85
983;6077.61;2881;1.85
984;6095;2977;1.85
985;6043.12;2987;1.85
986;5954.31;2994;1.86
987;5954.31;2975;1.86
988;6003.75;2980;1.86
989;6045.56;2980;1.86
990;6065.4;2945;1.86
991;6045.56;2967;1.86
992;5954.31;2967;1.86
993;5863.06;3056;1.86
994;5897.55;2957;1.86
995;5939.67;2947;1.86
996;5974.15;2943;1.86
997;5988.8;2962;1.86
998;5942.11;2960;1.86
999;5845.67;2952;1.86
1000;5821.25;2992;1.86
1001;5872.83;2972;1.86
1002;5949.43;2972;1.86
1003;5993.68;2876;1.86
1004;6013.52;2982;1.86
1005;5979.03;2990;1.86
1006;5895.11;2992;1.86
1007;5863.06;2977;1.86
1008;5910.06;2980;1.86
1009;5964.08;2982;1.86
1010;5981.48;2947;1.86
1011;5976.59;2972;1.86
1012;5899.99;2967;1.86
1013;5794.09;3066;1.86
1014;5803.86;2960;1.86
1015;5848.41;2950;1.86
1016;5892.67;2952;1.86
1017;5907.62;2962;1.86
1018;5882.9;2962;1.86
1019;5791.65;2952;1.86
1020;5747.09;2992;1.86
1021;5808.74;2972;1.86
1022;5885.34;2975;1.86
1023;5927.15;2871;1.86
1024;5939.67;2987;1.86
1025;5887.78;2992;1.86
1026;5798.97;2984;1.86
1027;5794.09;2982;1.86
1028;5843.23;2982;1.86
1029;5892.67;2984;1.86
1030;5912.5;2955;1.86
1031;5892.67;2975;1.86
1032;5803.86;2972;1.86
1033;5710.17;3073;1.87
1034;5732.44;2955;1.87
1035;5784.02;2952;1.87
1036;5823.69;2960;1.87
1037;5838.34;2962;1.87
1038;5794.09;2962;1.87
1039;5697.96;2955;1.87
1040;5678.12;2997;1.87
1041;5744.65;2972;1.87
1042;5828.58;2972;1.87
1043;5863.06;2871;1.87
1044;5863.06;2997;1.87
1045;5801.42;2992;1.87
1046;5715.05;2982;1.87
1047;5710.17;2984;1.87
1048;5759.61;2984;1.87
1049;5818.81;2990;1.87
1050;5840.79;2955;1.87
1051;5835.9;2980;1.87
1052;5754.72;2975;1.87
1053;5646.08;3071;1.87
1054;5648.52;2957;1.87
1055;5697.96;2957;1.87
1056;5749.53;2965;1.87
1057;5766.93;2962;1.87
1058;5739.77;2967;1.87
1059;5650.96;2960;1.87
1060;5596.64;2994;1.87
1061;5655.84;2977;1.87
1062;5744.65;2972;1.87
1063;5794.09;2874;1.87
1064;5803.86;2997;1.87
1065;5751.98;2994;1.87
1066;5660.73;2982;1.87
1067;5646.08;2984;1.87
1068;5702.84;2984;1.87
1069;5759.61;2990;1.87
1070;5784.02;2957;1.87
1071;5762.05;2980;1.87
1072;5668.36;2980;1.87
1073;5567.03;3073;1.87
1074;5584.43;2957;1.87
1075;5641.19;2955;1.87
1076;5685.45;2970;1.87
1077;5697.96;2965;1.87
1078;5655.84;2965;1.87
1079;5562.15;2962;1.87
1080;5530.11;2997;1.87
1081;5604.27;2975;1.87
1082;5695.52;2970;1.87
1083;5732.44;2879;1.87
1084;5737.33;2999;1.87
1085;5675.68;2992;1.87
1086;5581.99;2980;1.87
1087;5586.87;2984;1.87
1088;5648.52;2987;1.87
1089;5702.84;2984;1.87
1090;5717.49;2957;1.87
1091;5680.56;2980;1.87
1092;5577.11;2982;1.87
1093;5490.74;3068;1.88
1094;5520.34;2957;1.88
1095;5569.48;2960;1.88
1096;5621.36;2972;1.88
1097;5638.75;2962;1.88
1098;5596.64;2967;1.88
1099;5495.62;2965;1.88
1100;5458.69;2994;1.88
1101;5534.99;2977;1.88
1102;5626.24;2967;1.88
1103;5668.36;2881;1.88
1104;5673.24;3002;1.88
1105;5609.15;2992;1.88
1106;5513.02;2977;1.88
1107;5517.9;2990;1.88
1108;5581.99;2984;1.88
1109;5641.19;2984;1.88
1110;5660.73;2960;1.88
1111;5621.36;2980;1.88
1112;5517.9;2987;1.88
1113;5421.77;3066;1.88
1114;5453.81;2955;1.88
1115;5520.34;2960;1.88
1116;5564.59;2977;1.88
1117;5569.48;2965;1.88
1118;5515.46;2970;1.88
1119;5453.81;2967;1.88
1120;5382.09;2992;1.88
1121;5443.74;2980;1.88
1122;5547.5;2965;1.88
1123;5606.71;2893;1.88
1124;5621.36;3002;1.88
1125;5567.03;2997;1.88
1126;5468.46;2977;1.88
1127;5438.86;2990;1.88
1128;5500.5;2984;1.88
1129;5574.66;2982;1.88
1130;5596.64;2960;1.88
1131;5579.55;2977;1.88
1132;5475.78;2987;1.88
1133;5362.56;3054;1.88
1134;5374.77;2955;1.88
1135;5438.86;2960;1.88
1136;5498.06;2977;1.88
1137;5510.57;2965;1.88
1138;5470.9;2970;1.88
1139;5367.44;2975;1.88
1140;5322.89;2992;1.88
1141;5399.49;2975;1.88
1142;5507.83;2965;1.88
1143;5554.83;2908;1.88
1144;5557.27;3004;1.88
1145;5493.18;2992;1.88
1146;5389.72;2972;1.88
1147;5379.65;2984;1.88
1148;5453.81;2987;1.88
1149;5520.34;2984;1.88
1150;5539.87;2957;1.88
1151;5502.95;2980;1.88
1152;5392.16;2982;1.88
1153;5285.96;3071;1.88
1154;5318;2957;1.88
1155;5386.97;2960;1.88
1156;5441.3;2975;1.88
1157;5448.62;2965;1.88
1158;5389.72;2970;1.88
1159;5281.08;2965;1.88
1160;5261.24;2994;1.88
1161;5357.37;2980;1.88
1162;5458.69;2970;1.88
1163;5505.39;2883;1.88
1164;5495.62;3002;1.88
1165;5416.58;2994;1.88
1166;5350.05;2977;1.88
1167;5310.68;2984;1.88
1168;5379.65;2984;1.88
1169;5456.25;2987;1.89
1170;5483.41;2957;1.89
1171;5463.58;2980;1.89
1172;5362.56;2987;1.89
1173;5231.64;3061;1.89
1174;5239.27;2957;1.89
1175;5310.68;2960;1.89
1176;5377.21;2977;1.89
1177;5394.6;2967;1.89
1178;5352.49;2970;1.89
1179;5244.15;2967;1.89
1180;5187.38;2994;1.89
1181;5271.31;2980;1.89
1182;5382.09;2965;1.89
1183;5441.3;2888;1.89
1184;5446.18;2999;1.89
1185;5377.21;2994;1.89
1186;5271.31;2975;1.89
1187;5253.91;2987;1.89
1188;5330.52;2987;1.89
1189;5406.81;2982;1.89
1190;5429.09;2960;1.89
1191;5392.16;2982;1.89
1192;5273.75;2987;1.89
1193;5160.22;3056;1.89
1194;5189.83;2955;1.89
1195;5266.43;2957;1.89
1196;5330.52;2975;1.89
1197;5340.28;2967;1.89
1198;5278.63;2965;1.89
1199;5162.66;2967;1.89
1200;5135.5;2992;1.89
1201;5229.19;2980;1.89
1202;5340.28;2965;1.89
1203;5392.16;2901;1.89
1204;5386.97;3002;1.89
1205;5303.35;2992;1.89
1206;5197.15;2977;1.89
1207;5209.66;2990;1.89
1208;5293.28;2984;1.89
1209;5362.56;2977;1.89
1210;5377.21;2960;1.89
1211;5322.89;2980;1.89
1212;5192.27;2984;1.89
1213;5101.02;3046;1.89
1214;5128.18;2955;1.89
1215;5212.1;2957;1.89
1216;5281.08;2977;1.89
1217;5310.68;2965;1.89
1218;5285.96;2967;1.89
1219;5212.1;2975;1.89
1220;5221.87;2994;1.89
1221;5350.05;2980;1.89
1222;5485.86;2965;1.89
1223;5567.03;2903;1.89
1224;5609.15;3002;1.89
1225;5589.31;2992;1.89
1226;5539.87;2975;1.89
1227;5589.31;2987;1.89
1228;5687.89;2984;1.89
1229;5764.49;2970;1.89
1230;5813.62;2965;1.89
1231;5808.74;2977;1.89
1232;5725.12;2982;1.89
1233;5675.68;3041;1.89
1234;5734.89;2947;1.89
1235;5803.86;2952;1.89
1236;5860.62;2972;1.89
1237;5880.46;2960;1.89
1238;5863.06;2960;1.89
1239;5779.14;2955;1.89
1240;5734.89;2994;1.89
1241;5803.86;2975;1.89
1242;5890.23;2970;1.89
1243;5944.55;2874;1.89
1244;5969.27;2987;1.89
1245;5917.39;2990;1.89
1246;5823.69;2987;1.89
1247;5811.18;2977;1.89
1248;5863.06;2980;1.89
1249;5917.39;2984;1.89
1250;5942.11;2950;1.89
1251;5922.27;2972;1.89
1252;5821.25;2967;1.89
1253;5717.49;3071;1.9
1254;5737.33;2952;1.9
1255;5791.65;2950;1.9
1256;5838.34;2955;1.9
1257;5855.74;2965;1.9
1258;5808.74;2960;1.9
1259;5697.96;2957;1.9
1260;5668.36;2992;1.9
1261;5742.21;2975;1.9
1262;5823.69;2965;1.9
1263;5865.51;2871;1.9
1264;5872.83;2992;1.9
1265;5801.42;2992;1.9
1266;5700.4;2980;1.9
1267;5705.28;2982;1.9
1268;5764.49;2982;1.9
1269;5816.37;2987;1.9
1270;5838.34;2952;1.9
1271;5796.53;2980;1.9
1272;5680.56;2977;1.9
1273;5586.87;3076;1.9
1274;5626.24;2960;1.9
1275;5685.45;2957;1.9
1276;5730;2965;1.9
1277;5742.21;2967;1.9
1278;5678.12;2967;1.9
1279;5562.15;2962;1.9
1280;5557.27;2999;1.9
1281;5646.08;2982;1.9
1282;5734.89;2970;1.9
1283;5774.26;2881;1.9
1284;5779.14;3002;1.9
1285;5719.93;2999;1.9
1286;5611.59;2987;1.9
1287;5589.31;2994;1.9
1288;5650.96;2997;1.9
1289;5719.93;2997;1.9
1290;5747.09;2967;1.9
1291;5725.12;2992;1.9
1292;5618.92;2992;1.9
1293;5498.06;3086;1.9
1294;5520.34;2972;1.9
1295;5584.43;2972;1.9
1296;5646.08;2984;1.9
1297;5665.91;2987;1.9
1298;5618.92;2984;1.9
1299;5507.83;2980;1.9
1300;5468.46;3016;1.9
1301;5549.94;3002;1.9
1302;5653.4;2987;1.9
1303;5710.17;2903;1.9
1304;5715.05;3024;1.9
1305;5643.64;3022;1.9
1306;5537.43;3004;1.9
1307;5539.87;3014;1.9
1308;5614.03;3016;1.9
1309;5680.56;3019;1.9
1310;5705.28;2992;1.9
1311;5670.8;3012;1.9
1312;5552.39;3016;1.9
1313;5451.37;3108;1.9
1314;5495.62;2994;1.9
1315;5567.03;2994;1.9
1316;5621.36;3016;1.9
1317;5636.31;3009;1.9
1318;5579.55;3009;1.9
1319;5463.58;3012;1.9
1320;5458.69;3039;1.9
1321;5547.5;3024;1.9
1322;5650.96;3014;1.9
1323;5697.96;2938;1.9
1324;5690.33;3049;1.91
1325;5611.59;3046;1.91
1326;5517.9;3029;1.91
1327;5537.43;3044;1.91
1328;5616.47;3039;1.91
1329;5673.24;3044;1.91
1330;5690.33;3022;1.91
1331;5655.84;3039;1.91
1332;5537.43;3049;1.91
1333;5438.86;3130;1.91
1334;5475.78;3022;1.91
1335;5549.94;3027;1.91
1336;5606.71;3046;1.91
1337;5618.92;3039;1.91
1338;5562.15;3039;1.91
1339;5451.37;3044;1.91
1340;5436.42;3071;1.91
1341;5527.67;3056;1.91
1342;5631.12;3049;1.91
1343;5675.68;2980;1.91
1344;5670.8;3086;1.91
1345;5589.31;3076;1.91
1346;5490.74;3063;1.91
1347;5513.02;3078;1.91
1348;5591.75;3078;1.91
1349;5650.96;3076;1.91
1350;5668.36;3054;1.91
1351;5611.59;3073;1.91
1352;5490.74;3086;1.91
1353;5414.14;3152;1.91
1354;5441.3;3056;1.91
1355;5510.57;3061;1.91
1356;5577.11;3083;1.91
1357;5599.08;3071;1.91
1358;5559.71;3076;1.91
1359;5453.81;3086;1.91
1360;5401.93;3105;1.91
1361;5485.86;3093;1.91
1362;5594.2;3083;1.91
1363;5650.96;3022;1.91
1364;5665.91;3125;1.91
1365;5596.64;3118;1.91
1366;5490.74;3100;1.91
1367;5478.23;3113;1.91
1368;5552.39;3113;1.91
1369;5626.24;3105;1.91
1370;5648.52;3093;1.91
1371;5616.47;3110;1.91
1372;5500.5;3123;1.91
1373;5392.16;3182;1.91
1374;5429.09;3093;1.91
1375;5505.39;3103;1.91
1376;5564.59;3123;1.91
1377;5579.55;3113;1.91
1378;5527.67;3118;1.91
1379;5411.69;3125;1.91
1380;5392.16;3145;1.91
1381;5488.3;3130;1.91
1382;5589.31;3123;1.91
1383;5638.75;3068;1.91
1384;5638.75;3164;1.91
1385;5557.27;3155;1.92
1386;5453.81;3138;1.92
1387;5470.9;3155;1.92
1388;5547.5;3152;1.92
1389;5609.15;3140;1.92
1390;5626.24;3135;1.92
1391;5577.11;3150;1.92
1392;5451.37;3160;1.92
1393;5369.88;3209;1.92
1394;5419.32;3132;1.92
1395;5498.06;3140;1.92
1396;5542.62;3160;1.92
1397;5549.94;3150;1.92
1398;5478.23;3152;1.92
1399;5367.44;3170;1.92
1400;5377.21;3179;1.92
1401;5436.42;3170;1.92
1402;5545.06;3162;1.92
1403;5606.71;3118;1.92
1404;5618.92;3199;1.92
1405;5557.27;3189;1.92
1406;5443.74;3172;1.92
1407;5429.09;3192;1.92
1408;5505.39;3192;1.92
1409;5577.11;3177;1.92
1410;5606.71;3177;1.92
1411;5574.66;3187;1.92
1412;5463.58;3197;1.92
1413;5350.05;3241;1.92
1414;5382.09;3172;1.92
1415;5461.13;3172;1.92
1416;5520.34;3194;1.92
1417;5537.43;3187;1.92
1418;5488.3;3187;1.92
1419;5374.77;3209;1.92
1420;5345.16;3219;1.92
1421;5438.86;3204;1.92
1422;5547.5;3202;1.92
1423;5599.08;3110;1.92
1424;5604.27;3231;1.92
1425;5527.67;3231;1.92
1426;5424.21;3221;1.92
1427;5433.97;3219;1.92
1428;5515.46;3224;1.92
1429;5584.43;3231;1.92
1430;5604.27;3202;1.92
1431;5559.71;3224;1.92
1432;5443.74;3229;1.92
1433;5354.93;3325;1.92
1434;5399.49;3211;1.92
1435;5478.23;3214;1.92
1436;5527.67;3229;1.92
1437;5537.43;3226;1.92
1438;5470.9;3226;1.93
1439;5357.37;3221;1.93
1440;5357.37;3261;1.93
1441;5458.69;3246;1.93
1442;5554.83;3236;1.93
1443;5596.64;3152;1.93
1444;5586.87;3271;1.93
1445;5500.5;3268;1.93
1446;5406.81;3256;1.93
1447;5438.86;3261;1.93
1448;5522.78;3261;1.93
1449;5572.22;3268;1.93
1450;5596.64;3241;1.93
1451;5552.39;3263;1.93
1452;5436.42;3268;1.93
1453;5347.61;3355;1.93
1454;5389.72;3246;1.93
1455;5466.02;3251;1.93
1456;5520.34;3266;1.93
1457;5527.67;3263;1.93
1458;5463.58;3263;1.93
1459;5352.49;3261;1.93
1460;5347.61;3293;1.93
1461;5446.18;3278;1.93
1462;5539.87;3271;1.93
1463;5584.43;3187;1.93
1464;5579.55;3308;1.93
1465;5498.06;3300;1.93
1466;5399.49;3291;1.93
1467;5429.09;3298;1.93
1468;5507.83;3298;1.93
1469;5564.59;3303;1.93
1470;5581.99;3276;1.93
1471;5525.22;3298;1.93
1472;5453.81;3308;1.93
1473;5340.28;3382;1.93
1474;5365;3280;1.93
1475;5433.97;3280;1.93
1476;5498.06;3303;1.93
1477;5515.46;3293;1.93
1478;5468.46;3295;1.93
1479;5352.49;3298;1.93
1480;5310.68;3327;1.93
1481;5392.16;3312;1.93
1482;5500.5;3300;1.93
1483;5549.94;3231;1.93
1484;5554.83;3340;1.93
1485;5485.86;3335;1.93
1486;5377.21;3318;1.93
1487;5379.65;3330;1.93
1488;5461.13;3330;1.94
1489;5525.22;3330;1.94
1490;5547.5;3310;1.94
1491;5510.57;3327;1.94
1492;5389.72;3337;1.94
1493;5293.28;3409;1.94
1494;5330.52;3310;1.94
1495;5411.69;3315;1.94
1496;5466.02;3335;1.94
1497;5475.78;3327;1.94
1498;5409.25;3330;1.94
1499;5290.84;3332;1.94
1500;5281.08;3355;1.94
1501;5377.21;3342;1.94
1502;5480.97;3335;1.94
1503;5527.67;3271;1.94
1504;5517.9;3372;1.94
1505;5429.09;3367;1.94
1506;5332.96;3352;1.94
1507;5360.12;3362;1.94
1508;5441.3;3362;1.94
1509;5500.5;3357;1.94
1510;5515.46;3342;1.94
1511;5458.69;3357;1.94
1512;5330.52;3367;1.94
1513;5256.36;3426;1.94
1514;5308.24;3340;1.94
1515;5386.97;3345;1.94
1516;5433.97;3364;1.94
1517;5433.97;3355;1.94
1518;5354.93;3357;1.94
1519;5281.08;3364;1.94
1520;5234.08;3384;1.94
1521;5315.56;3374;1.94
1522;5431.53;3364;1.94
1523;5485.86;3312;1.94
1524;5493.18;3399;1.94
1525;5421.77;3394;1.94
1526;5315.56;3377;1.94
1527;5308.24;3392;1.94
1528;5389.72;3389;1.94
1529;5461.13;3382;1.94
1530;5488.3;3374;1.94
1531;5448.62;3387;1.94
1532;5328.07;3394;1.94
1533;5219.43;3448;1.94
1534;5256.36;3367;1.94
1535;5332.96;3372;1.94
1536;5392.16;3394;1.94
1537;5401.93;3382;1.95
1538;5340.28;3384;1.95
1539;5219.43;3399;1.95
1540;5199.59;3411;1.95
1541;5298.47;3399;1.95
1542;5401.93;3392;1.95
1543;5451.37;3347;1.95
1544;5443.74;3426;1.95
1545;5362.56;3419;1.95
1546;5253.91;3399;1.95
1547;5278.63;3416;1.95
1548;5362.56;3416;1.95
1549;5431.53;3399;1.95
1550;5446.18;3396;1.95
1551;5389.72;3411;1.95
1552;5258.8;3419;1.95
1553;5177.62;3460;1.95
1554;5226.75;3392;1.95
1555;5310.68;3394;1.95
1556;5357.37;3416;1.95
1557;5354.93;3406;1.95
1558;5278.63;3404;1.95
1559;5160.22;3426;1.95
1560;5172.43;3434;1.95
1561;5281.08;3424;1.95
1562;5382.09;3416;1.95
1563;5421.77;3377;1.95
1564;5399.49;3448;1.95
1565;5308.24;3443;1.95
1566;5214.55;3424;1.95
1567;5236.82;3441;1.95
1568;5325.33;3439;1.95
1569;5389.72;3419;1.95
1570;5406.81;3424;1.95
1571;5350.05;3431;1.95
1572;5221.87;3436;1.95
1573;5128.18;3475;1.95
1574;5180.06;3414;1.95
1575;5263.68;3414;1.95
1576;5318;3439;1.95
1577;5320.44;3426;1.95
1578;5241.71;3421;1.95
1579;5125.74;3451;1.95
1580;5128.18;3451;1.95
1581;5239.27;3441;1.95
1582;5340.28;3434;1.95
1583;5386.97;3409;1.95
1584;5362.56;3471;1.95
1585;5266.43;3468;1.95
1586;5172.43;3446;1.95
1587;5209.66;3460;1.96
1588;5303.35;3458;1.96
1589;5360.12;3434;1.96
1590;5369.88;3441;1.96
1591;5332.96;3453;1.96
1592;5209.66;3463;1.96
1593;5093.69;3485;1.96
1594;5125.74;3431;1.96
1595;5207.22;3424;1.96
1596;5273.75;3453;1.96
1597;5288.4;3443;1.96
1598;5224.31;3439;1.96
1599;5103.46;3473;1.96
1600;5071.41;3468;1.96
1601;5169.99;3460;1.96
1602;5283.52;3451;1.96
1603;5340.28;3399;1.96
1604;5335.4;3485;1.96
1605;5251.47;3478;1.96
1606;5137.94;3460;1.96
1607;5150.46;3475;1.96
1608;5239.27;3473;1.96
1609;5308.24;3463;1.96
1610;5328.07;3456;1.96
1611;5273.75;3471;1.96
1612;5140.39;3475;1.96
1613;5046.69;3520;1.96
1614;5091.25;3448;1.96
1615;5180.06;3453;1.96
1616;5234.08;3471;1.96
1617;5234.08;3456;1.96
1618;5157.78;3460;1.96
1619;5034.49;3478;1.96
1620;5032.04;3488;1.96
1621;5145.57;3473;1.96
1622;5251.47;3466;1.96
1623;5298.47;3426;1.96
1624;5278.63;3498;1.96
1625;5184.94;3493;1.96
1626;5078.74;3475;1.96
1627;5115.97;3490;1.96
1628;5209.66;3490;1.96
1629;5271.31;3473;1.96
1630;5278.63;3471;1.96
1631;5207.22;3483;1.96
1632;5064.09;3488;1.96
1633;4995.12;3527;1.96
1634;5056.76;3460;1.96
1635;5148.02;3466;1.96
1636;5194.71;3485;1.97
1637;5197.15;3475;1.97
1638;5137.94;3473;1.97
1639;5017.09;3493;1.97
1640;4975.28;3498;1.97
1641;5073.85;3490;1.97
1642;5194.71;3483;1.97
1643;5256.36;3451;1.97
1644;5251.47;3515;1.97
1645;5167.55;3510;1.97
1646;5054.32;3490;1.97
1647;5056.76;3503;1.97
1648;5148.02;3505;1.97
1649;5221.87;3483;1.97
1650;5241.71;3480;1.97
1651;5189.83;3495;1.97
1652;5056.76;3503;1.97
1653;4953;3527;1.97
1654;4997.56;3475;1.97
1655;5088.81;3468;1.97
1656;5150.46;3495;1.97
1657;5152.9;3485;1.97
1658;5071.41;3485;1.97
1659;4948.12;3512;1.97
1660;4935.91;3505;1.97
1661;5054.32;3500;1.97
1662;5167.55;3495;1.97
1663;5219.43;3471;1.97
1664;5199.59;3525;1.97
1665;5103.46;3530;1.97
1666;4997.56;3500;1.97
1667;5024.72;3515;1.97
1668;5123.29;3520;1.97
1669;5189.83;3493;1.97
1670;5192.27;3498;1.97
1671;5125.74;3507;1.97
1672;4985.05;3515;1.97
1673;4901.43;3535;1.97
1674;4965.51;3490;1.97
1675;5054.32;3475;1.97
1676;5110.78;3512;1.97
1677;5101.02;3500;1.97
1678;5012.21;3495;1.97
1679;4888.91;3525;1.97
1680;4911.19;3522;1.97
1681;5036.93;3515;1.97
1682;5142.83;3498;1.97
1683;5182.5;3493;1.97
1684;5150.46;3537;1.97
1685;5066.53;3552;1.97
1686;4960.33;3515;1.97
1687;4982.6;3527;1.97
1688;5081.18;3532;1.98
1689;5152.9;3525;1.98
1690;5157.78;3498;1.98
1691;5088.81;3520;1.98
1692;4950.56;3525;1.98
1693;4866.63;3599;1.98
1694;4923.4;3500;1.98
1695;5019.53;3503;1.98
1696;5073.85;3517;1.98
1697;5059.21;3512;1.98
1698;4972.84;3510;1.98
1699;4849.54;3510;1.98
1700;4866.63;3532;1.98
1701;4989.93;3522;1.98
1702;5098.57;3510;1.98
1703;5142.83;3446;1.98
1704;5108.34;3542;1.98
1705;5002.44;3537;1.98
1706;4906.31;3522;1.98
1707;4955.44;3532;1.98
1708;5019.53;3530;1.98
1709;5098.57;3532;1.98
1710;5123.29;3510;1.98
1711;5068.97;3525;1.98
1712;4938.35;3537;1.98
1713;4822.38;3596;1.98
1714;4861.75;3507;1.98
1715;4955.44;3510;1.98
1716;5022.28;3527;1.98
1717;5029.6;3515;1.98
1718;4953;3520;1.98
1719;4829.71;3525;1.98
1720;4807.43;3540;1.98
1721;4920.96;3532;1.98
1722;5039.37;3522;1.98
1723;5096.13;3460;1.98
1724;5078.74;3552;1.98
1725;4989.93;3544;1.98
1726;4871.82;3527;1.98
1727;4891.35;3542;1.98
1728;4992.68;3537;1.98
1729;5064.09;3535;1.98
1730;5073.85;3520;1.98
1731;5007.32;3532;1.98
1732;4866.63;3544;1.98
1733;4775.38;3596;1.98
1734;4827.27;3515;1.98
1735;4925.84;3517;1.98
1736;4985.05;3535;1.98
1737;4975.28;3522;1.98
1738;4884.03;3522;1.98
1739;4758.29;3530;1.98
1740;4770.5;3544;1.98
1741;4896.24;3537;1.98
1742;5012.21;3527;1.98
1743;5054.32;3473;1.98
1744;5019.53;3557;1.99
1745;4916.07;3549;1.99
1746;4817.5;3535;1.99
1747;4859.31;3547;1.99
1748;4965.51;3544;1.99
1749;5027.16;3535;1.99
1750;5027.16;3522;1.99
1751;4938.35;3537;1.99
1752;4790.34;3547;1.99
1753;4731.13;3594;1.99
1754;4800.1;3515;1.99
1755;4864.19;3520;1.99
1756;4933.47;3540;1.99
1757;4938.35;3527;1.99
1758;4864.19;3527;1.99
1759;4738.46;3537;1.99
1760;4706.41;3549;1.99
1761;4819.94;3542;1.99
1762;4945.68;3532;1.99
1763;5007.32;3490;1.99
1764;4992.68;3564;1.99
1765;4901.43;3554;1.99
1766;4785.46;3535;1.99
1767;4797.66;3552;1.99
1768;4896.24;3552;1.99
1769;4975.28;3532;1.99
1770;4987.49;3530;1.99
1771;4918.52;3544;1.99
1772;4780.57;3547;1.99
1773;4684.13;3587;1.99
1774;4736.02;3522;1.99
1775;4834.59;3522;1.99
1776;4893.8;3544;1.99
1777;4886.47;3530;1.99
1778;4797.66;3530;1.99
1779;4674.37;3547;1.99
1780;4679.25;3557;1.99
1781;4804.99;3542;1.99
1782;4920.96;3537;1.99
1783;4970.4;3503;1.99
1784;4938.35;3567;1.99
1785;4837.03;3562;1.99
1786;4736.02;3542;1.99
1787;4775.38;3557;1.99
1788;4879.15;3557;1.99
1789;4945.68;3532;1.99
1790;4945.68;3535;1.99
1791;4861.75;3547;1.99
1792;4716.18;3552;1.99
1793;4654.53;3579;1.99
1794;4721.37;3522;1.99
1795;4817.5;3517;1.99
1796;4869.08;3544;1.99
1797;4842.22;3535;1.99
1798;4738.46;3530;1.99
1799;4622.49;3552;1.99
1800;4659.72;3557;1.99
1801;4790.34;3547;1.99
1802;4879.15;3535;2
1803;4931.03;3515;2
1804;4901.43;3569;2
1805;4800.1;3572;2
1806;4699.09;3544;2
1807;4733.57;3557;2
1808;4837.03;3562;2
1809;4906.31;3532;2
1810;4911.19;3537;2
1811;4824.82;3547;2
1812;4679.25;3554;2
1813;4607.84;3574;2
1814;4676.81;3527;2
1815;4770.5;3515;2
1816;4817.5;3547;2
1817;4797.66;3537;2
1818;4696.65;3530;2
1819;4578.23;3559;2
1820;4602.95;3554;2
1821;4731.13;3547;2
1822;4834.59;3535;2
1823;4874.26;3525;2
1824;4827.27;3569;2
1825;4716.18;3579;2
1826;4647.21;3544;2
1827;4652.09;3562;2
1828;4748.53;3562;2
1829;4827.27;3532;2
1830;4844.66;3540;2
1831;4775.38;3547;2
1832;4639.88;3559;2
1833;4538.87;3564;2
1834;4588;3530;2
1835;4676.81;3510;2
1836;4740.9;3547;2
1837;4736.02;3537;2
1838;4654.53;3532;2
1839;4528.79;3559;2
1840;4521.47;3552;2
1841;4642.32;3547;2
1842;4755.85;3532;2
1843;4807.43;3532;2
1844;4783.01;3567;2
1845;4686.88;3582;2
1846;4580.68;3547;2
1847;4612.72;3559;2
1848;4711.29;3562;2
1849;4783.01;3530;2
1850;4785.46;3544;2
1851;4708.85;3549;2
1852;4573.35;3564;2
1853;4496.75;3562;2
1854;4560.84;3532;2
1855;4652.09;3507;2
1856;4708.85;3547;2
1857;4689.32;3537;2
1858;4595.63;3532;2
1859;4482.1;3564;2
1860;4509.26;3559;2
1861;4630.12;3549;2
1862;4736.02;3525;2
1863;4778.13;3537;2
1864;4738.46;3567;2
1865;4632.56;3587;2
1866;4551.07;3549;2.01
1867;4600.51;3562;2.01
1868;4701.53;3557;2.01
1869;4760.73;3552;2.01
1870;4748.53;3537;2.01
1871;4657.28;3552;2.01
1872;4516.59;3557;2.01
1873;4469.59;3609;2.01
1874;4516.59;3527;2.01
1875;4605.4;3535;2.01
1876;4674.37;3549;2.01
1877;4674.37;3537;2.01
1878;4598.07;3540;2.01
1879;4477.22;3547;2.01
1880;4464.71;3562;2.01
1881;4578.23;3549;2.01
1882;4694.2;3537;2.01
1883;4748.53;3488;2.01
1884;4728.69;3569;2.01
1885;4637.44;3559;2.01
1886;4533.98;3544;2.01
1887;4555.96;3557;2.01
1888;4652.09;3554;2.01
1889;4723.81;3547;2.01
1890;4731.13;3535;2.01
1891;4657.28;3549;2.01
1892;4523.91;3557;2.01
1893;4445.17;3599;2.01
1894;4504.38;3532;2.01
1895;4598.07;3532;2.01
1896;4649.65;3552;2.01
1897;4635;3537;2.01
1898;4548.63;3537;2.01
1899;4432.66;3549;2.01
1900;4454.94;3559;2.01
1901;4575.79;3549;2.01
1902;4679.25;3540;2.01
1903;4723.81;3495;2.01
1904;4694.2;3572;2.01
1905;4590.44;3557;2.01
1906;4504.38;3544;2.01
1907;4553.51;3557;2.01
1908;4649.65;3557;2.01
1909;4708.85;3542;2.01
1910;4703.97;3537;2.01
1911;4612.72;3549;2.01
1912;4477.22;3554;2.01
1913;4430.22;3594;2.01
1914;4501.63;3527;2.01
1915;4588;3532;2.01
1916;4632.56;3549;2.01
1917;4607.84;3535;2.01
1918;4509.26;3535;2.01
1919;4405.5;3552;2.01
1920;4432.66;3557;2.01
1921;4551.07;3549;2.01
1922;4652.09;3542;2.01
1923;4696.65;3505;2.01
1924;4664.6;3567;2.01
1925;4568.47;3564;2.01
1926;4482.1;3540;2.01
1927;4523.91;3559;2.01
1928;4620.04;3559;2.01
1929;4684.13;3537;2.01
1930;4679.25;3535;2.01
1931;4592.88;3549;2.01
1932;4459.82;3552;2.01
1933;4407.94;3582;2.02
1934;4477.22;3530;2.02
1935;4566.03;3525;2.02
1936;4610.28;3549;2.02
1937;4583.12;3535;2.02
1938;4486.98;3535;2.02
1939;4383.53;3554;2.02
1940;4430.22;3557;2.02
1941;4551.07;3547;2.02
1942;4639.88;3542;2.02
1943;4674.37;3515;2.02
1944;4657.28;3567;2.02
1945;4573.35;3572;2.02
1946;4469.59;3544;2.02
1947;4489.43;3557;2.02
1948;4580.68;3562;2.02
1949;4649.65;3537;2.02
1950;4662.16;3537;2.02
1951;4595.63;3547;2.02
1952;4467.15;3552;2.02
1953;4383.53;3574;2.02
1954;4435.1;3530;2.02
1955;4521.47;3517;2.02
1956;4578.23;3547;2.02
1957;4570.91;3537;2.02
1958;4489.43;3530;2.02
1959;4375.9;3557;2.02
1960;4383.53;3557;2.02
1961;4496.75;3549;2.02
1962;4600.51;3540;2.02
1963;4644.76;3525;2.02
1964;4620.04;3567;2.02
1965;4526.35;3579;2.02
1966;4435.1;3544;2.02
1967;4474.78;3554;2.02
1968;4568.47;3564;2.02
1969;4630.12;3532;2.02
1970;4630.12;3540;2.02
1971;4553.51;3547;2.02
1972;4422.9;3557;2.02
1973;4363.69;3572;2.02
1974;4427.78;3527;2.02
1975;4511.7;3510;2.02
1976;4558.4;3547;2.02
1977;4538.87;3537;2.02
1978;4447.62;3530;2.02
1979;4343.85;3557;2.02
1980;4383.53;3557;2.02
1981;4496.75;3549;2.02
1982;4588;3535;2.02
1983;4622.49;3530;2.02
1984;4588;3564;2.02
1985;4486.98;3582;2.02
1986;4420.45;3544;2.02
1987;4474.78;3557;2.02
1988;4566.03;3559;2.02
1989;4615.16;3530;2.02
1990;4605.4;3540;2.02
1991;4555.96;3549;2.02
1992;4435.1;3564;2.02
1993;4343.85;3562;2.02
1994;4393.29;3532;2.02
1995;4474.78;3505;2.02
1996;4533.98;3544;2.02
1997;4526.35;3535;2.02
1998;4450.06;3527;2.02
1999;4341.41;3559;2.02
2000;4341.41;3552;2.02
2001;4450.06;3547;2.02
2002;4546.19;3525;2.02
2003;4595.63;3535;2.02
2004;4575.79;3567;2.02
2005;4484.54;3582;2.02
2006;4393.29;3542;2.02
2007;4427.78;3554;2.02
2008;4519.03;3559;2.03
2009;4580.68;3530;2.03
2010;4585.56;3542;2.03
2011;4511.7;3547;2.03
2012;4388.41;3569;2.03
2013;4324.32;3554;2.03
2014;4388.41;3530;2.03
2015;4464.71;3507;2.03
2016;4514.15;3544;2.03
2017;4494.31;3535;2.03
2018;4410.38;3530;2.03
2019;4306.92;3559;2.03
2020;4334.09;3552;2.03
2021;4442.73;3547;2.03
2022;4531.24;3517;2.03
2023;4570.91;3540;2.03
2024;4536.42;3559;2.03
2025;4442.73;3582;2.03
2026;4371.01;3549;2.03
2027;4422.9;3552;2.03
2028;4511.7;3557;2.03
2029;4566.03;3527;2.03
2030;4558.4;3542;2.03
2031;4474.78;3547;2.03
2032;4351.48;3576;2.03
2033;4314.25;3552;2.03
2034;4383.53;3530;2.03
2035;4457.38;3510;2.03
2036;4491.87;3544;2.03
2037;4464.71;3535;2.03
2038;4390.85;3530;2.03
2039;4287.09;3564;2.03
2040;4311.81;3549;2.03
2041;4420.45;3544;2.03
2042;4504.38;3503;2.03
2043;4543.75;3542;2.03
2044;4514.15;3559;2.03
2045;4422.9;3574;2.03
2046;4346.29;3544;2.03
2047;4398.18;3554;2.03
2048;4489.43;3557;2.03
2049;4538.87;3532;2.03
2050;4536.42;3537;2.03
2051;4454.94;3547;2.03
2052;4331.65;3552;2.03
2053;4297.16;3562;2.03
2054;4361.25;3530;2.03
2055;4437.54;3505;2.03
2056;4474.78;3544;2.03
2057;4445.17;3537;2.03
2058;4353.92;3525;2.03
2059;4260.23;3557;2.03
2060;4309.37;3552;2.03
2061;4418.01;3547;2.03
2062;4469.59;3532;2.03
2063;4519.03;3530;2.03
2064;4506.82;3562;2.03
2065;4427.78;3579;2.03
2066;4334.09;3542;2.03
2067;4361.25;3554;2.03
2068;4445.17;3557;2.03
2069;4509.26;3530;2.03
2070;4521.47;3535;2.03
2071;4457.38;3544;2.03
2072;4338.97;3559;2.03
2073;4272.44;3559;2.03
2074;4324.32;3530;2.03
2075;4400.62;3505;2.03
2076;4445.17;3542;2.03
2077;4437.54;3535;2.03
2078;4358.81;3532;2.03
2079;4255.04;3559;2.03
2080;4274.88;3552;2.03
2081;4375.9;3549;2.03
2082;4462.26;3525;2.03
2083;4501.63;3532;2.03
2084;4477.22;3562;2.03
2085;4390.85;3584;2.03
2086;4314.25;3544;2.04
2087;4358.81;3554;2.04
2088;4447.62;3554;2.04
2089;4496.75;3525;2.04
2090;4499.19;3540;2.04
2091;4422.9;3542;2.04
2092;4302.04;3572;2.04
2093;4265.11;3549;2.04
2094;4324.32;3530;2.04
2095;4400.62;3505;2.04
2096;4437.54;3542;2.04
2097;4418.01;3535;2.04
2098;4324.32;3527;2.04
2099;4235.51;3559;2.04
2100;4277.32;3552;2.04
2101;4380.78;3547;2.04
2102;4454.94;3515;2.04
2103;4489.43;3537;2.04
2104;4450.06;3562;2.04
2105;4353.92;3582;2.04
2106;4297.16;3544;2.04
2107;4358.81;3552;2.04
2108;4437.54;3554;2.04
2109;4469.59;3527;2.04
2110;4484.54;3542;2.04
2111;4425.34;3544;2.04
2112;4311.81;3584;2.04
2113;4240.39;3547;2.04
2114;4289.83;3527;2.04
2115;4361.25;3510;2.04
2116;4413.13;3540;2.04
2117;4405.5;3535;2.04
2118;4334.09;3532;2.04
2119;4227.88;3559;2.04
2120;4245.28;3549;2.04
2121;4341.41;3549;2.04
2122;4425.34;3505;2.04
2123;4472.03;3544;2.04
2124;4450.06;3562;2.04
2125;4368.57;3574;2.04
2126;4289.83;3544;2.04
2127;4326.76;3554;2.04
2128;4407.94;3554;2.04
2129;4462.26;3527;2.04
2130;4464.71;3540;2.04
2131;4395.73;3542;2.04
2132;4274.88;3589;2.04
2133;4227.88;3544;2.04
2134;4289.83;3530;2.04
2135;4363.69;3515;2.04
2136;4403.06;3542;2.04
2137;4385.97;3530;2.04
2138;4299.6;3527;2.04
2139;4210.79;3547;2.04
2140;4250.16;3557;2.04
2141;4348.74;3547;2.04
2142;4422.9;3535;2.04
2143;4459.82;3503;2.04
2144;4425.34;3567;2.04
2145;4334.09;3559;2.04
2146;4274.88;3542;2.04
2147;4331.65;3554;2.04
2148;4410.38;3554;2.04
2149;4452.5;3537;2.04
2150;4445.17;3532;2.04
2151;4363.69;3540;2.04
2152;4247.72;3549;2.04
2153;4225.44;3582;2.04
2154;4287.09;3525;2.04
2155;4358.81;3517;2.04
2156;4383.53;3544;2.04
2157;4371.01;3532;2.04
2158;4289.83;3525;2.04
2159;4195.84;3549;2.04
2160;4233.07;3554;2.04
2161;4331.65;3544;2.04
2162;4407.94;3537;2.04
2163;4445.17;3510;2.04
2164;4415.57;3564;2.04
2165;4324.32;3567;2.04
2166;4262.67;3540;2.04
2167;4314.25;3552;2.04
2168;4393.29;3557;2.04
2169;4437.54;3535;2.04
2170;4430.22;3537;2.04
2171;4351.48;3542;2.05
2172;4237.95;3547;2.05
2173;4210.79;3574;2.05
2174;4274.88;3525;2.05
2175;4343.85;3510;2.05
2176;4378.34;3542;2.05
2177;4351.48;3532;2.05
2178;4260.23;3525;2.05
2179;4183.63;3552;2.05
2180;4203.47;3552;2.05
2181;4297.16;3544;2.05
2182;4383.53;3537;2.05
2183;4427.78;3512;2.05
2184;4413.13;3562;2.05
2185;4336.53;3576;2.05
2186;4255.04;3542;2.05
2187;4289.83;3552;2.05
2188;4368.57;3554;2.05
2189;4422.9;3532;2.05
2190;4432.66;3537;2.05
2191;4366.13;3542;2.05
2192;4255.04;3552;2.05
2193;4195.84;3569;2.05
2194;4250.16;3530;2.05
2195;4321.88;3503;2.05
2196;4363.69;3542;2.05
2197;4351.48;3532;2.05
2198;4270;3525;2.05
2199;4176.31;3552;2.05
2200;4208.35;3549;2.05
2201;4306.92;3549;2.05
2202;4378.34;3535;2.05
2203;4418.01;3520;2.05
2204;4390.85;3562;2.05
2205;4304.48;3576;2.05
2206;4242.84;3542;2.05
2207;4292.28;3549;2.05
2208;4368.57;3554;2.05
2209;4415.57;3527;2.05
2210;4415.57;3537;2.05
2211;4338.97;3540;2.05
2212;4223;3554;2.05
2213;4198.58;3559;2.05
2214;4255.04;3530;2.05
2215;4321.88;3500;2.05
2216;4356.36;3542;2.05
2217;4331.65;3530;2.05
2218;4242.84;3525;2.05
2219;4163.79;3557;2.05
2220;4218.12;3547;2.05
2221;4314.25;3542;2.05
2222;4380.78;3522;2.05
2223;4407.94;3532;2.05
2224;4368.57;3557;2.05
2225;4277.32;3582;2.05
2226;4237.95;3542;2.05
2227;4265.11;3552;2.05
2228;4343.85;3554;2.05
2229;4398.18;3527;2.05
2230;4410.38;3537;2.05
2231;4351.48;3544;2.05
2232;4237.95;3564;2.05
2233;4183.63;3554;2.05
2234;4235.51;3527;2.05
2235;4302.04;3503;2.05
2236;4341.41;3540;2.05
2237;4331.65;3532;2.05
2238;4257.48;3530;2.05
2239;4163.79;3554;2.05
2240;4190.95;3547;2.05
2241;4284.65;3544;2.05
2242;4356.36;3512;2.05
2243;4393.29;3537;2.05
2244;4371.01;3557;2.05
2245;4289.83;3579;2.05
2246;4225.44;3540;2.05
2247;4270;3549;2.05
2248;4343.85;3552;2.05
2249;4393.29;3525;2.05
2250;4393.29;3537;2.05
2251;4324.32;3542;2.05
2252;4208.35;3574;2.05
2253;4178.75;3547;2.05
2254;4235.51;3527;2.05
2255;4299.6;3505;2.05
2256;4331.65;3542;2.05
2257;4314.25;3532;2.05
2258;4227.88;3532;2.05
2259;4146.7;3557;2.05
2260;4193.4;3549;2.05
2261;4289.83;3544;2.05
2262;4356.36;3505;2.06
2263;4388.41;3537;2.06
2264;4353.92;3562;2.06
2265;4265.11;3572;2.06
2266;4218.12;3544;2.06
2267;4274.88;3549;2.06
2268;4351.48;3549;2.06
2269;4390.85;3525;2.06
2270;4380.78;3537;2.06
2271;4297.16;3542;2.06
2272;4181.19;3589;2.06
2273;4178.75;3544;2.06
2274;4227.88;3530;2.06
2275;4292.28;3512;2.06
2276;4326.76;3540;2.06
2277;4306.92;3535;2.06
2278;4223;3530;2.06
2279;4141.82;3557;2.06
2280;4186.07;3549;2.06
2281;4282.2;3544;2.06
2282;4351.48;3490;2.06
2283;4380.78;3542;2.06
2284;4346.29;3559;2.06
2285;4260.23;3569;2.06
2286;4210.79;3542;2.06
2287;4262.67;3552;2.06
2288;4336.53;3549;2.06
2289;4375.9;3525;2.06
2290;4366.13;3540;2.06
2291;4284.65;3540;2.06
2292;4176.31;3601;2.06
2293;4168.98;3540;2.06
2294;4227.88;3530;2.06
2295;4289.83;3520;2.06
2296;4314.25;3537;2.06
2297;4304.48;3535;2.06
2298;4235.51;3532;2.06
2299;4141.82;3557;2.06
2300;4158.91;3547;2.06
2301;4250.16;3544;2.06
2302;4326.76;3478;2.06
2303;4363.69;3544;2.06
2304;4348.74;3557;2.06
2305;4270;3559;2.06
2306;4201.03;3542;2.06
2307;4240.39;3552;2.06
2308;4314.25;3549;2.06
2309;4361.25;3525;2.06
2310;4366.13;3540;2.06
2311;4302.04;3540;2.06
2312;4190.95;3611;2.06
2313;4151.59;3537;2.06
2314;4205.91;3527;2.06
2315;4272.44;3527;2.06
2316;4304.48;3535;2.06
2317;4289.83;3535;2.06
2318;4213.23;3525;2.06
2319;4126.87;3549;2.06
2320;4168.98;3549;2.06
2321;4260.23;3544;2.06
2322;4329.2;3537;2.06
2323;4363.69;3512;2.06
2324;4334.09;3564;2.06
2325;4252.6;3569;2.06
2326;4198.58;3540;2.06
2327;4252.6;3554;2.06
2328;4319.13;3554;2.06
2329;4363.69;3532;2.06
2330;4353.92;3535;2.06
2331;4277.32;3540;2.06
2332;4166.23;3547;2.06
2333;4154.03;3564;2.06
2334;4210.79;3525;2.06
2335;4270;3505;2.06
2336;4299.6;3542;2.06
2337;4272.44;3532;2.06
2338;4186.07;3525;2.06
2339;4117.1;3552;2.06
2340;4176.31;3549;2.06
2341;4267.56;3542;2.06
2342;4326.76;3532;2.06
2343;4351.48;3522;2.06
2344;4336.53;3562;2.06
2345;4262.67;3576;2.06
2346;4186.07;3540;2.06
2347;4223;3552;2.06
2348;4294.72;3552;2.06
2349;4343.85;3525;2.06
2350;4351.48;3535;2.06
2351;4289.83;3542;2.06
2352;4178.75;3552;2.06
2353;4136.63;3557;2.06
2354;4188.51;3525;2.07
2355;4255.04;3503;2.07
2356;4289.83;3542;2.07
2357;4279.76;3535;2.07
2358;4203.47;3527;2.07
2359;4114.66;3554;2.07
2360;4156.47;3547;2.07
2361;4247.72;3547;2.07
2362;4314.25;3530;2.07
2363;4348.74;3525;2.07
2364;4324.32;3562;2.07
2365;4240.39;3579;2.07
2366;4183.63;3540;2.07
2367;4230.63;3552;2.07
2368;4304.48;3552;2.07
2369;4341.41;3525;2.07
2370;4336.53;3537;2.07
2371;4262.67;3542;2.07
2372;4151.59;3559;2.07
2373;4139.38;3552;2.07
2374;4195.84;3530;2.07
2375;4257.48;3505;2.07
2376;4282.2;3542;2.07
2377;4265.11;3530;2.07
2378;4181.19;3527;2.07
2379;4107.33;3557;2.07
2380;4163.79;3547;2.07
2381;4257.48;3542;2.07
2382;4316.69;3520;2.07
2383;4343.85;3535;2.07
2384;4304.48;3557;2.07
2385;4218.12;3576;2.07
2386;4181.19;3544;2.07
2387;4240.39;3552;2.07
2388;4306.92;3549;2.07
2389;4341.41;3527;2.07
2390;4321.88;3537;2.07
2391;4260.23;3544;2.07
2392;4149.14;3572;2.07
2393;4131.75;3544;2.07
2394;4190.95;3527;2.07
2395;4252.6;3503;2.07
2396;4282.2;3537;2.07
2397;4257.48;3532;2.07
2398;4178.75;3530;2.07
2399;4107.33;3554;2.07
2400;4156.47;3544;2.07
2401;4247.72;3542;2.07
2402;4311.81;3507;2.07
2403;4338.97;3540;2.07
2404;4302.04;3554;2.07
2405;4215.67;3572;2.07
2406;4176.31;3537;2.07
2407;4233.07;3552;2.07
2408;4297.16;3547;2.07
2409;4331.65;3520;2.07
2410;4316.69;3537;2.07
2411;4233.07;3542;2.07
2412;4126.87;3587;2.07
2413;4136.63;3542;2.07
2414;4195.84;3527;2.07
2415;4233.07;3505;2.07
2416;4270;3537;2.07
2417;4267.56;3530;2.07
2418;4193.4;3527;2.07
2419;4107.33;3557;2.07
2420;4136.63;3547;2.07
2421;4227.88;3540;2.07
2422;4294.72;3493;2.07
2423;4331.65;3542;2.07
2424;4309.37;3559;2.07
2425;4230.63;3564;2.07
2426;4168.98;3542;2.07
2427;4213.23;3552;2.07
2428;4279.76;3544;2.07
2429;4321.88;3525;2.07
2430;4321.88;3537;2.07
2431;4250.16;3540;2.07
2432;4141.82;3596;2.07
2433;4117.1;3537;2.07
2434;4171.42;3530;2.07
2435;4235.51;3515;2.07
2436;4265.11;3537;2.07
2437;4247.72;3532;2.07
2438;4168.98;3532;2.07
2439;4094.82;3554;2.07
2440;4146.7;3544;2.07
2441;4235.51;3544;2.07
2442;4297.16;3480;2.07
2443;4329.2;3549;2.07
2444;4289.83;3554;2.07
2445;4208.35;3559;2.07
2446;4166.23;3542;2.07
2447;4220.56;3549;2.07
2448;4282.2;3547;2.07
2449;4321.88;3522;2.08
2450;4309.37;3540;2.08
2451;4227.88;3537;2.08
2452;4121.98;3606;2.08
2453;4121.98;3532;2.08
2454;4181.19;3530;2.08
2455;4237.95;3522;2.08
2456;4262.67;3537;2.08
2457;4230.63;3532;2.08
2458;4146.7;3532;2.08
2459;4092.38;3554;2.08
2460;4156.47;3542;2.08
2461;4213.23;3544;2.08
2462;4279.76;3471;2.08
2463;4321.88;3549;2.08
2464;4299.6;3557;2.08
2465;4225.44;3552;2.08
2466;4163.79;3544;2.08
2467;4203.47;3547;2.08
2468;4270;3542;2.08
2469;4309.37;3522;2.08
2470;4311.81;3537;2.08
2471;4247.72;3540;2.08
2472;4136.63;3614;2.08
2473;4107.33;3532;2.08
2474;4163.79;3527;2.08
2475;4223;3525;2.08
2476;4255.04;3535;2.08
2477;4237.95;3532;2.08
2478;4163.79;3532;2.08
2479;4087.5;3557;2.08
2480;4134.19;3542;2.08
2481;4223;3540;2.08
2482;4284.65;3463;2.08
2483;4314.25;3554;2.08
2484;4282.2;3554;2.08
2485;4203.47;3549;2.08
2486;4156.47;3544;2.08
2487;4208.35;3547;2.08
2488;4274.88;3544;2.08
2489;4309.37;3522;2.08
2490;4302.04;3540;2.08
2491;4225.44;3542;2.08
2492;4117.1;3619;2.08
2493;4112.22;3527;2.08
2494;4171.42;3527;2.08
2495;4230.63;3532;2.08
2496;4255.04;3537;2.08
2497;4227.88;3530;2.08
2498;4144.26;3532;2.08
2499;4085.06;3554;2.08
2500;4146.7;3544;2.08
2501;4233.07;3542;2.08
2502;4289.83;3490;2.08
2503;4311.81;3542;2.08
2504;4270;3552;2.08
2505;4183.63;3564;2.08
2506;4161.35;3542;2.08
2507;4223;3549;2.08
2508;4274.88;3544;2.08
2509;4309.37;3525;2.08
2510;4302.04;3537;2.08
2511;4225.44;3540;2.08
2512;4119.54;3596;2.08
2513;4109.78;3535;2.08
2514;4171.42;3525;2.08
2515;4223;3515;2.08
2516;4252.6;3535;2.08
2517;4225.44;3527;2.08
2518;4144.26;3530;2.08
2519;4082.61;3557;2.08
2520;4144.26;3544;2.08
2521;4230.63;3540;2.08
2522;4287.09;3473;2.08
2523;4311.81;3549;2.08
2524;4267.56;3552;2.08
2525;4181.19;3557;2.08
2526;4154.03;3542;2.08
2527;4215.67;3552;2.08
2528;4274.88;3544;2.08
2529;4306.92;3520;2.08
2530;4284.65;3537;2.08
2531;4203.47;3537;2.08
2532;4131.75;3606;2.08
2533;4097.26;3532;2.08
2534;4149.14;3527;2.08
2535;4210.79;3525;2.08
2536;4245.28;3535;2.08
2537;4233.07;3527;2.08
2538;4154.03;3532;2.08
2539;4077.73;3554;2.08
2540;4119.54;3542;2.08
2541;4205.91;3544;2.08
2542;4270;3466;2.08
2543;4304.48;3549;2.08
2544;4274.88;3552;2.08
2545;4195.84;3552;2.08
2546;4146.7;3544;2.09
2547;4193.4;3547;2.09
2548;4262.67;3547;2.09
2549;4302.04;3522;2.09
2550;4297.16;3540;2.09
2551;4223;3540;2.09
2552;4117.1;3616;2.09
2553;4107.33;3530;2.09
2554;4161.35;3525;2.09
2555;4215.67;3530;2.09
2556;4245.28;3532;2.09
2557;4220.56;3530;2.09
2558;4139.38;3527;2.09
2559;4074.98;3554;2.09
2560;4131.75;3542;2.09
2561;4220.56;3540;2.09
2562;4277.32;3466;2.09
2563;4304.48;3552;2.09
2564;4265.11;3552;2.09
2565;4178.75;3547;2.09
2566;4149.14;3544;2.09
2567;4208.35;3549;2.09
2568;4270;3547;2.09
2569;4302.04;3525;2.09
2570;4284.65;3542;2.09
2571;4201.03;3542;2.09
2572;4099.7;3619;2.09
2573;4107.33;3527;2.09
2574;4166.23;3527;2.09
2575;4223;3535;2.09
2576;4240.39;3535;2.09
2577;4208.35;3532;2.09
2578;4117.1;3527;2.09
2579;4074.98;3554;2.09
2580;4109.78;3542;2.09
2581;4198.58;3535;2.09
2582;4265.11;3458;2.09
2583;4302.04;3554;2.09
2584;4272.44;3549;2.09
2585;4195.84;3540;2.09
2586;4144.26;3540;2.09
2587;4188.51;3549;2.09
2588;4257.48;3549;2.09
2589;4292.28;3522;2.09
2590;4292.28;3535;2.09
2591;4215.67;3540;2.09
2592;4112.22;3562;2.09
2593;4092.38;3549;2.09
2594;4151.59;3525;2.09
2595;4205.91;3498;2.09
2596;4237.95;3535;2.09
2597;4213.23;3527;2.09
2598;4134.19;3525;2.09
2599;4070.1;3552;2.09
2600;4121.98;3544;2.09
2601;4205.91;3537;2.09
2602;4267.56;3512;2.09
2603;4294.72;3532;2.09
2604;4257.48;3554;2.09
2605;4176.31;3572;2.09
2606;4141.82;3540;2.09
2607;4198.58;3547;2.09
2608;4262.67;3547;2.09
2609;4292.28;3522;2.09
2610;4279.76;3537;2.09
2611;4198.58;3540;2.09
2612;4097.26;3569;2.09
2613;4102.15;3540;2.09
2614;4163.79;3525;2.09
2615;4218.12;3503;2.09
2616;4237.95;3537;2.09
2617;4201.03;3525;2.09
2618;4117.1;3525;2.09
2619;4067.66;3552;2.09
2620;4139.38;3542;2.09
2621;4220.56;3540;2.09
2622;4274.88;3495;2.09
2623;4294.72;3537;2.09
2624;4245.28;3554;2.09
2625;4161.35;3567;2.09
2626;4139.38;3535;2.09
2627;4195.84;3547;2.09
2628;4260.23;3547;2.09
2629;4292.28;3520;2.09
2630;4279.76;3535;2.09
2631;4198.58;3540;2.09
2632;4097.26;3584;2.09
2633;4102.15;3537;2.09
2634;4158.91;3522;2.09
2635;4210.79;3510;2.09
2636;4235.51;3535;2.09
2637;4201.03;3527;2.09
2638;4117.1;3527;2.09
2639;4065.22;3554;2.09
2640;4134.19;3544;2.09
2641;4215.67;3540;2.09
2642;4270;3485;2.09
2643;4289.83;3540;2.1
2644;4242.84;3552;2.1
2645;4156.47;3562;2.1
2646;4141.82;3540;2.1
2647;4205.91;3547;2.1
2648;4265.11;3544;2.1
2649;4287.09;3520;2.1
2650;4287.09;3537;2.1
2651;4220.56;3537;2.1
2652;4114.66;3596;2.1
2653;4089.94;3535;2.1
2654;4146.7;3525;2.1
2655;4203.47;3515;2.1
2656;4230.63;3535;2.1
2657;4213.23;3527;2.1
2658;4136.63;3530;2.1
2659;4065.22;3554;2.1
2660;4112.22;3544;2.1
2661;4198.58;3540;2.1
2662;4257.48;3473;2.1
2663;4289.83;3544;2.1
2664;4257.48;3552;2.1
2665;4176.31;3554;2.1
2666;4134.19;3540;2.1
2667;4190.95;3549;2.1
2668;4257.48;3542;2.1
2669;4289.83;3520;2.1
2670;4282.2;3537;2.1
2671;4203.47;3537;2.1
2672;4099.7;3604;2.1
2673;4099.7;3530;2.1
2674;4156.47;3525;2.1
2675;4208.35;3522;2.1
2676;4235.51;3532;2.1
2677;4205.91;3525;2.1
2678;4119.54;3527;2.1
2679;4065.22;3554;2.1
2680;4126.87;3540;2.1
2681;4213.23;3540;2.1
2682;4267.56;3468;2.1
2683;4292.28;3547;2.1
2684;4250.16;3549;2.1
2685;4166.23;3549;2.1
2686;4146.7;3542;2.1
2687;4208.35;3547;2.1
2688;4265.11;3544;2.1
2689;4297.16;3520;2.1
2690;4272.44;3537;2.1
2691;4183.63;3542;2.1
2692;4089.94;3614;2.1
2693;4109.78;3527;2.1
2694;4166.23;3527;2.1
2695;4215.67;3525;2.1
2696;4230.63;3532;2.1
2697;4215.67;3527;2.1
2698;4139.38;3527;2.1
2699;4065.22;3554;2.1
2700;4109.78;3542;2.1
2701;4195.84;3535;2.1
2702;4257.48;3463;2.1
2703;4292.28;3549;2.1
2704;4262.67;3552;2.1
2705;4178.75;3547;2.1
2706;4139.38;3542;2.1
2707;4190.95;3547;2.1
2708;4260.23;3547;2.1
2709;4292.28;3520;2.1
2710;4287.09;3537;2.1
2711;4210.79;3542;2.1
2712;4107.33;3616;2.1
2713;4097.26;3527;2.1
2714;4154.03;3525;2.1
2715;4208.35;3535;2.1
2716;4235.51;3530;2.1
2717;4208.35;3530;2.1
2718;4124.42;3525;2.1
2719;4065.22;3554;2.1
2720;4129.31;3540;2.1
2721;4213.23;3532;2.1
2722;4265.11;3458;2.1
2723;4292.28;3557;2.1
2724;4252.6;3554;2.1
2725;4168.98;3540;2.1
2726;4144.26;3542;2.1
2727;4205.91;3547;2.1
2728;4265.11;3547;2.1
2729;4297.16;3520;2.1
2730;4277.32;3537;2.1
2731;4188.51;3542;2.1
2732;4089.94;3616;2.1
2733;4107.33;3525;2.1
2734;4166.23;3525;2.1
2735;4215.67;3532;2.1
2736;4237.95;3530;2.1
2737;4198.58;3530;2.1
2738;4109.78;3525;2.11
2739;4072.54;3552;2.11
2740;4146.7;3540;2.11
2741;4230.63;3532;2.11
2742;4279.76;3458;2.11
2743;4294.72;3552;2.11
2744;4252.6;3549;2.11
2745;4168.98;3537;2.11
2746;4144.26;3544;2.11
2747;4203.47;3547;2.11
2748;4265.11;3544;2.11
2749;4299.6;3522;2.11
2750;4274.88;3540;2.11
2751;4190.95;3547;2.11
2752;4094.82;3611;2.11
2753;4107.33;3522;2.11
2754;4166.23;3525;2.11
2755;4218.12;3535;2.11
2756;4235.51;3527;2.11
2757;4198.58;3525;2.11
2758;4112.22;3527;2.11
2759;4070.1;3549;2.11
2760;4144.26;3540;2.11
2761;4227.88;3530;2.11
2762;4274.88;3498;2.11
2763;4289.83;3537;2.11
2764;4240.39;3552;2.11
2765;4151.59;3567;2.11
2766;4134.19;3540;2.11
2767;4186.07;3547;2.11
2768;4250.16;3547;2.11
2769;4284.65;3522;2.11
2770;4284.65;3532;2.11
2771;4210.79;3535;2.11
2772;4104.59;3584;2.11
2773;4092.38;3537;2.11
2774;4149.14;3522;2.11
2775;4205.91;3510;2.11
2776;4233.07;3535;2.11
2777;4210.79;3527;2.11
2778;4129.31;3522;2.11
2779;4067.66;3554;2.11
2780;4124.42;3542;2.11
2781;4210.79;3540;2.11
2782;4267.56;3485;2.11
2783;4297.16;3537;2.11
2784;4257.48;3552;2.11
2785;4176.31;3562;2.11
2786;4144.26;3537;2.11
2787;4201.03;3547;2.11
2788;4265.11;3544;2.11
2789;4297.16;3520;2.11
2790;4279.76;3535;2.11
2791;4195.84;3535;2.11
2792;4097.26;3596;2.11
2793;4104.59;3532;2.11
2794;4161.35;3522;2.11
2795;4215.67;3512;2.11
2796;4237.95;3535;2.11
2797;4203.47;3527;2.11
2798;4117.1;3525;2.11
2799;4070.1;3552;2.11
2800;4141.82;3540;2.11
2801;4225.44;3540;2.11
2802;4274.88;3473;2.11
2803;4294.72;3544;2.11
2804;4245.28;3549;2.11
2805;4158.91;3554;2.11
2806;4151.59;3537;2.11
2807;4215.67;3544;2.11
2808;4272.44;3542;2.11
2809;4299.6;3520;2.11
2810;4270;3532;2.11
2811;4178.75;3532;2.11
2812;4087.5;3604;2.11
2813;4094.82;3532;2.11
2814;4149.14;3520;2.11
2815;4208.35;3520;2.11
2816;4235.51;3532;2.11
2817;4215.67;3527;2.11
2818;4136.63;3525;2.11
2819;4067.66;3549;2.11
2820;4119.54;3542;2.11
2821;4208.35;3537;2.11
2822;4267.56;3468;2.11
2823;4297.16;3544;2.11
2824;4260.23;3549;2.11
2825;4178.75;3547;2.11
2826;4144.26;3540;2.11
2827;4203.47;3542;2.11
2828;4265.11;3544;2.11
2829;4299.6;3522;2.11
2830;4287.09;3535;2.11
2831;4203.47;3535;2.11
2832;4102.15;3611;2.12
2833;4107.33;3527;2.12
2834;4163.79;3520;2.12
2835;4220.56;3522;2.12
2836;4240.39;3530;2.12
2837;4208.35;3527;2.12
2838;4119.54;3525;2.12
2839;4072.54;3552;2.12
2840;4136.63;3537;2.12
2841;4223;3535;2.12
2842;4274.88;3460;2.12
2843;4297.16;3544;2.12
2844;4250.16;3549;2.12
2845;4161.35;3544;2.12
2846;4151.59;3535;2.12
2847;4215.67;3542;2.12
2848;4270;3542;2.12
2849;4304.48;3517;2.12
2850;4277.32;3535;2.12
2851;4188.51;3537;2.12
2852;4097.26;3614;2.12
2853;4119.54;3525;2.12
2854;4178.75;3522;2.12
2855;4230.63;3530;2.12
2856;4245.28;3530;2.12
2857;4201.03;3527;2.12
2858;4109.78;3522;2.12
2859;4080.17;3549;2.12
2860;4141.82;3537;2.12
2861;4227.88;3532;2.12
2862;4279.76;3456;2.12
2863;4302.04;3547;2.12
2864;4257.48;3547;2.12
2865;4171.42;3540;2.12
2866;4154.03;3537;2.12
2867;4218.12;3544;2.12
2868;4274.88;3544;2.12
2869;4309.37;3520;2.12
2870;4282.2;3535;2.12
2871;4190.95;3540;2.12
2872;4099.7;3614;2.12
2873;4119.54;3522;2.12
2874;4181.19;3522;2.12
2875;4230.63;3532;2.12
2876;4247.72;3527;2.12
2877;4203.47;3527;2.12
2878;4112.22;3522;2.12
2879;4082.61;3549;2.12
2880;4161.35;3537;2.12
2881;4242.84;3530;2.12
2882;4292.28;3458;2.12
2883;4302.04;3552;2.12
2884;4274.88;3549;2.12
2885;4190.95;3537;2.12
2886;4151.59;3540;2.12
2887;4205.91;3542;2.12
2888;4270;3544;2.12
2889;4304.48;3517;2.12
2890;4297.16;3532;2.12
2891;4215.67;3542;2.12
2892;4109.78;3611;2.12
2893;4109.78;3520;2.12
2894;4171.42;3517;2.12
2895;4225.44;3537;2.12
2896;4250.16;3527;2.12
2897;4218.12;3527;2.12
2898;4134.19;3522;2.12
2899;4080.17;3549;2.12
2900;4144.26;3540;2.12
2901;4230.63;3530;2.12
2902;4284.65;3458;2.12
2903;4306.92;3549;2.12
2904;4262.67;3549;2.12
2905;4178.75;3535;2.12
2906;4156.47;3542;2.12
2907;4218.12;3542;2.12
2908;4282.2;3542;2.12
2909;4311.81;3520;2.12
2910;4287.09;3535;2.12
2911;4198.58;3544;2.12
2912;4107.33;3609;2.12
2913;4119.54;3517;2.12
2914;4181.19;3520;2.12
2915;4233.07;3532;2.12
2916;4252.6;3525;2.12
2917;4208.35;3525;2.12
2918;4119.54;3522;2.12
2919;4087.5;3544;2.12
2920;4161.35;3537;2.12
2921;4245.28;3525;2.12
2922;4294.72;3466;2.13
2923;4306.92;3552;2.13
2924;4250.16;3549;2.13
2925;4166.23;3532;2.13
2926;4171.42;3544;2.13
2927;4237.95;3542;2.13
2928;4289.83;3542;2.13
2929;4316.69;3520;2.13
2930;4279.76;3535;2.13
2931;4227.88;3544;2.13
2932;4121.98;3601;2.13
2933;4117.1;3515;2.13
2934;4171.42;3520;2.13
2935;4230.63;3537;2.13
2936;4252.6;3525;2.13
2937;4227.88;3525;2.13
2938;4141.82;3525;2.13
2939;4080.17;3549;2.13
2940;4141.82;3537;2.13
2941;4230.63;3530;2.13
2942;4289.83;3453;2.13
2943;4311.81;3549;2.13
2944;4267.56;3549;2.13
2945;4181.19;3532;2.13
2946;4161.35;3540;2.13
2947;4225.44;3542;2.13
2948;4289.83;3542;2.13
2949;4316.69;3517;2.13
2950;4299.6;3537;2.13
2951;4210.79;3542;2.13
2952;4112.22;3614;2.13
2953;4126.87;3522;2.13
2954;4190.95;3522;2.13
2955;4240.39;3532;2.13
2956;4260.23;3527;2.13
2957;4218.12;3527;2.13
2958;4129.31;3520;2.13
2959;4089.94;3547;2.13
2960;4163.79;3537;2.13
2961;4247.72;3527;2.13
2962;4302.04;3453;2.13
2963;4316.69;3549;2.13
2964;4265.11;3547;2.13
2965;4173.86;3535;2.13
2966;4173.86;3540;2.13
2967;4242.84;3542;2.13
2968;4299.6;3544;2.13
2969;4326.76;3520;2.13
2970;4292.28;3535;2.13
2971;4198.58;3540;2.13
2972;4112.22;3609;2.13
2973;4141.82;3522;2.13
2974;4205.91;3520;2.13
2975;4250.16;3532;2.13
2976;4260.23;3527;2.13
2977;4208.35;3525;2.13
2978;4134.19;3522;2.13
2979;4092.38;3547;2.13
2980;4163.79;3535;2.13
2981;4250.16;3525;2.13
2982;4302.04;3460;2.13
2983;4316.69;3549;2.13
2984;4265.11;3549;2.13
2985;4181.19;3532;2.13
2986;4176.31;3540;2.13
2987;4242.84;3542;2.13
2988;4299.6;3540;2.13
2989;4326.76;3520;2.13
2990;4297.16;3535;2.13
2991;4201.03;3544;2.13
2992;4114.66;3604;2.13
2993;4144.26;3520;2.13
2994;4205.91;3520;2.13
2995;4250.16;3532;2.13
2996;4265.11;3525;2.13
2997;4213.23;3527;2.13
2998;4119.54;3527;2.13
2999;4104.59;3547;2.13
3000;4183.63;3537;2.13
3001;4235.51;3527;2.13
3002;4294.72;3463;2.13
3003;4321.88;3547;2.13
3004;4282.2;3544;2.13
3005;4198.58;3530;2.13
3006;4168.98;3544;2.13
3007;4227.88;3542;2.13
3008;4289.83;3537;2.13
3009;4324.32;3522;2.14
3010;4309.37;3537;2.14
3011;4225.44;3544;2.14
3012;4119.54;3601;2.14
3013;4129.31;3520;2.14
3014;4190.95;3520;2.14
3015;4245.28;3535;2.14
3016;4265.11;3525;2.14
3017;4230.63;3522;2.14
3018;4139.38;3525;2.14
3019;4094.82;3547;2.14
3020;4166.23;3537;2.14
3021;4252.6;3522;2.14
3022;4306.92;3473;2.14
3023;4324.32;3549;2.14
3024;4272.44;3547;2.14
3025;4188.51;3530;2.14
3026;4178.75;3542;2.14
3027;4245.28;3544;2.14
3028;4302.04;3535;2.14
3029;4331.65;3522;2.14
3030;4302.04;3535;2.14
3031;4205.91;3542;2.14
3032;4114.66;3591;2.14
3033;4141.82;3527;2.14
3034;4205.91;3517;2.14
3035;4255.04;3515;2.14
3036;4270;3527;2.14
3037;4223;3527;2.14
3038;4129.31;3522;2.14
3039;4107.33;3547;2.14
3040;4190.95;3537;2.14
3041;4267.56;3537;2.14
3042;4319.13;3466;2.14
3043;4326.76;3542;2.14
3044;4265.11;3542;2.14
3045;4178.75;3547;2.14
3046;4190.95;3537;2.14
3047;4260.23;3542;2.14
3048;4297.16;3537;2.14
3049;4334.09;3512;2.14
3050;4316.69;3535;2.14
3051;4233.07;3530;2.14
3052;4126.87;3606;2.14
3053;4131.75;3525;2.14
3054;4193.4;3520;2.14
3055;4247.72;3520;2.14
3056;4272.44;3530;2.14
3057;4237.95;3525;2.14
3058;4149.14;3522;2.14
3059;4099.7;3549;2.14
3060;4168.98;3537;2.14
3061;4257.48;3535;2.14
3062;4311.81;3458;2.14
3063;4336.53;3544;2.14
3064;4284.65;3547;2.14
3065;4198.58;3542;2.14
3066;4183.63;3537;2.14
3067;4250.16;3542;2.14
3068;4309.37;3542;2.14
3069;4341.41;3515;2.14
3070;4311.81;3532;2.14
3071;4218.12;3530;2.14
3072;4124.42;3611;2.14
3073;4149.14;3522;2.14
3074;4210.79;3520;2.14
3075;4262.67;3525;2.14
3076;4274.88;3525;2.14
3077;4227.88;3525;2.14
3078;4139.38;3522;2.14
3079;4112.22;3544;2.14
3080;4190.95;3537;2.14
3081;4277.32;3530;2.14
3082;4326.76;3458;2.14
3083;4336.53;3544;2.14
3084;4277.32;3544;2.14
3085;4195.84;3537;2.14
3086;4201.03;3540;2.14
3087;4267.56;3540;2.14
3088;4321.88;3542;2.14
3089;4343.85;3517;2.14
3090;4299.6;3532;2.14
3091;4201.03;3535;2.14
3092;4121.98;3614;2.14
3093;4156.47;3522;2.15
3094;4223;3517;2.15
3095;4265.11;3527;2.15
3096;4279.76;3527;2.15
3097;4233.07;3525;2.15
3098;4144.26;3520;2.15
3099;4112.22;3544;2.15
3100;4193.4;3537;2.15
3101;4277.32;3527;2.15
3102;4329.2;3456;2.15
3103;4336.53;3547;2.15
3104;4277.32;3547;2.15
3105;4193.4;3535;2.15
3106;4195.84;3540;2.15
3107;4265.11;3540;2.15
3108;4324.32;3542;2.15
3109;4348.74;3517;2.15
3110;4304.48;3537;2.15
3111;4203.47;3542;2.15
3112;4121.98;3609;2.15
3113;4158.91;3520;2.15
3114;4223;3517;2.15
3115;4272.44;3530;2.15
3116;4279.76;3525;2.15
3117;4223;3522;2.15
3118;4129.31;3522;2.15
3119;4107.33;3544;2.15
3120;4173.86;3532;2.15
3121;4265.11;3525;2.15
3122;4326.76;3458;2.15
3123;4348.74;3549;2.15
3124;4304.48;3542;2.15
3125;4213.23;3527;2.15
3126;4195.84;3540;2.15
3127;4257.48;3542;2.15
3128;4321.88;3542;2.15
3129;4351.48;3517;2.15
3130;4326.76;3532;2.15
3131;4233.07;3542;2.15
3132;4136.63;3606;2.15
3133;4149.14;3517;2.15
3134;4215.67;3517;2.15
3135;4267.56;3532;2.15
3136;4287.09;3525;2.15
3137;4245.28;3525;2.15
3138;4151.59;3522;2.15
3139;4117.1;3544;2.15
3140;4195.84;3532;2.15
3141;4282.2;3522;2.15
3142;4336.53;3466;2.15
3143;4346.29;3552;2.15
3144;4287.09;3542;2.15
3145;4201.03;3527;2.15
3146;4201.03;3540;2.15
3147;4270;3540;2.15
3148;4326.76;3542;2.15
3149;4353.92;3520;2.15
3150;4316.69;3535;2.15
3151;4218.12;3544;2.15
3152;4131.75;3599;2.15
3153;4168.98;3517;2.15
3154;4230.63;3517;2.15
3155;4277.32;3532;2.15
3156;4289.83;3520;2.15
3157;4235.51;3522;2.15
3158;4141.82;3525;2.15
3159;4131.75;3542;2.15
3160;4220.56;3535;2.15
3161;4297.16;3520;2.15
3162;4346.29;3468;2.15
3163;4346.29;3552;2.15
3164;4277.32;3547;2.15
3165;4193.4;3527;2.15
3166;4193.4;3542;2.15
3167;4255.04;3537;2.15
3168;4319.13;3537;2.15
3169;4351.48;3520;2.15
3170;4329.2;3535;2.15
3171;4240.39;3542;2.15
3172;4139.38;3591;2.15
3173;4156.47;3517;2.15
3174;4218.12;3517;2.16
3175;4274.88;3535;2.16
3176;4297.16;3525;2.16
3177;4255.04;3525;2.16
3178;4163.79;3527;2.16
3179;4124.42;3542;2.16
3180;4201.03;3532;2.16
3181;4287.09;3522;2.16
3182;4343.85;3475;2.16
3183;4353.92;3552;2.16
3184;4297.16;3547;2.16
3185;4205.91;3530;2.16
3186;4205.91;3540;2.16
3187;4272.44;3544;2.16
3188;4329.2;3532;2.16
3189;4358.81;3517;2.16
3190;4321.88;3532;2.16
3191;4223;3540;2.16
3192;4136.63;3584;2.16
3193;4171.42;3515;2.16
3194;4235.51;3515;2.16
3195;4282.2;3532;2.16
3196;4297.16;3520;2.16
3197;4245.28;3522;2.16
3198;4151.59;3532;2.16
3199;4139.38;3544;2.16
3200;4220.56;3535;2.16
3201;4304.48;3522;2.16
3202;4353.92;3483;2.16
3203;4353.92;3552;2.16
3204;4289.83;3542;2.16
3205;4201.03;3530;2.16
3206;4215.67;3540;2.16
3207;4287.09;3540;2.16
3208;4338.97;3530;2.16
3209;4356.36;3522;2.16
3210;4304.48;3532;2.16
3211;4203.47;3540;2.16
3212;4134.19;3576;2.16
3213;4168.98;3515;2.16
3214;4235.51;3512;2.16
3215;4284.65;3522;2.16
3216;4302.04;3525;2.16
3217;4250.16;3522;2.16
3218;4158.91;3525;2.16
3219;4134.19;3547;2.16
3220;4223;3532;2.16
3221;4306.92;3530;2.16
3222;4356.36;3451;2.16
3223;4356.36;3547;2.16
3224;4289.83;3547;2.16
3225;4201.03;3532;2.16
3226;4218.12;3537;2.16
3227;4289.83;3540;2.16
3228;4343.85;3537;2.16
3229;4361.25;3515;2.16
3230;4309.37;3532;2.16
3231;4208.35;3537;2.16
3232;4136.63;3611;2.16
3233;4183.63;3517;2.16
3234;4250.16;3517;2.16
3235;4294.72;3525;2.16
3236;4304.48;3522;2.16
3237;4265.11;3520;2.16
3238;4178.75;3517;2.16
3239;4129.31;3544;2.16
3240;4201.03;3530;2.16
3241;4289.83;3527;2.16
3242;4346.29;3451;2.16
3243;4363.69;3547;2.16
3244;4309.37;3544;2.16
3245;4220.56;3532;2.16
3246;4208.35;3540;2.16
3247;4274.88;3537;2.16
3248;4336.53;3540;2.16
3249;4363.69;3517;2.16
3250;4331.65;3532;2.17
3251;4235.51;3537;2.17
3252;4144.26;3606;2.17
3253;4171.42;3517;2.17
3254;4237.95;3517;2.17
3255;4287.09;3530;2.17
3256;4302.04;3525;2.17
3257;4255.04;3525;2.17
3258;4161.35;3520;2.17
3259;4139.38;3547;2.17
3260;4223;3535;2.17
3261;4309.37;3525;2.17
3262;4356.36;3456;2.17
3263;4361.25;3549;2.17
3264;4299.6;3540;2.17
3265;4210.79;3530;2.17
3266;4220.56;3537;2.17
3267;4289.83;3540;2.17
3268;4346.29;3535;2.17
3269;4368.57;3515;2.17
3270;4324.32;3532;2.17
3271;4220.56;3540;2.17
3272;4144.26;3606;2.17
3273;4186.07;3512;2.17
3274;4252.6;3517;2.17
3275;4299.6;3532;2.17
3276;4302.04;3525;2.17
3277;4245.28;3520;2.17
3278;4151.59;3520;2.17
3279;4149.14;3542;2.17
3280;4240.39;3532;2.17
3281;4316.69;3522;2.17
3282;4363.69;3458;2.17
3283;4353.92;3549;2.17
3284;4314.25;3542;2.17
3285;4225.44;3527;2.17
3286;4210.79;3537;2.17
3287;4277.32;3540;2.17
3288;4341.41;3540;2.17
3289;4366.13;3517;2.17
3290;4338.97;3532;2.17
3291;4245.28;3540;2.17
3292;4149.14;3596;2.17
3293;4171.42;3512;2.17
3294;4237.95;3515;2.17
3295;4294.72;3530;2.17
3296;4309.37;3522;2.17
3297;4262.67;3520;2.17
3298;4171.42;3522;2.17
3299;4141.82;3544;2.17
3300;4223;3532;2.17
3301;4311.81;3522;2.17
3302;4361.25;3466;2.17
3303;4368.57;3549;2.17
3304;4306.92;3542;2.17
3305;4220.56;3527;2.17
3306;4225.44;3540;2.17
3307;4294.72;3537;2.17
3308;4348.74;3535;2.17
3309;4373.46;3520;2.17
3310;4329.2;3532;2.17
3311;4225.44;3544;2.17
3312;4144.26;3589;2.17
3313;4186.07;3515;2.17
3314;4252.6;3515;2.17
3315;4299.6;3532;2.17
3316;4309.37;3520;2.17
3317;4247.72;3522;2.17
3318;4156.47;3525;2.17
3319;4151.59;3544;2.17
3320;4242.84;3535;2.17
3321;4324.32;3520;2.17
3322;4368.57;3473;2.17
3323;4363.69;3552;2.17
3324;4292.28;3547;2.18
3325;4210.79;3525;2.18
3326;4235.51;3540;2.18
3327;4311.81;3540;2.18
3328;4361.25;3532;2.18
3329;4373.46;3520;2.18
3330;4316.69;3532;2.18
3331;4233.07;3542;2.18
3332;4149.14;3584;2.18
3333;4186.07;3512;2.18
3334;4255.04;3517;2.18
3335;4299.6;3532;2.18
3336;4311.81;3520;2.18
3337;4255.04;3520;2.18
3338;4158.91;3532;2.18
3339;4154.03;3542;2.18
3340;4242.84;3532;2.18
3341;4324.32;3520;2.18
3342;4371.01;3480;2.18
3343;4366.13;3552;2.18
3344;4294.72;3542;2.18
3345;4215.67;3527;2.18
3346;4240.39;3542;2.18
3347;4309.37;3537;2.18
3348;4361.25;3527;2.18
3349;4375.9;3522;2.18
3350;4319.13;3532;2.18
3351;4210.79;3537;2.18
3352;4149.14;3576;2.18
3353;4201.03;3515;2.18
3354;4242.84;3515;2.18
3355;4294.72;3532;2.18
3356;4314.25;3522;2.18
3357;4274.88;3517;2.18
3358;4178.75;3532;2.18
3359;4141.82;3542;2.18
3360;4225.44;3535;2.18
3361;4314.25;3527;2.18
3362;4366.13;3490;2.18
3363;4375.9;3552;2.18
3364;4316.69;3547;2.18
3365;4227.88;3527;2.18
3366;4225.44;3542;2.18
3367;4299.6;3540;2.18
3368;4358.81;3527;2.18
3369;4383.53;3522;2.18
3370;4343.85;3532;2.18
3371;4245.28;3537;2.18
3372;4156.47;3569;2.18
3373;4193.4;3517;2.18
3374;4257.48;3510;2.18
3375;4311.81;3535;2.18
3376;4316.69;3522;2.18
3377;4265.11;3520;2.18
3378;4168.98;3535;2.18
3379;4158.91;3544;2.18
3380;4250.16;3532;2.18
3381;4331.65;3527;2.18
3382;4375.9;3498;2.18
3383;4375.9;3549;2.18
3384;4306.92;3554;2.18
3385;4223;3530;2.18
3386;4242.84;3542;2.18
3387;4316.69;3542;2.18
3388;4371.01;3520;2.18
3389;4385.97;3522;2.18
3390;4329.2;3535;2.18
3391;4225.44;3537;2.18
3392;4156.47;3564;2.18
3393;4205.91;3512;2.18
3394;4272.44;3500;2.19
3395;4316.69;3532;2.19
3396;4311.81;3522;2.19
3397;4247.72;3517;2.19
3398;4151.59;3527;2.19
3399;4168.98;3544;2.19
3400;4262.67;3532;2.19
3401;4341.41;3522;2.19
3402;4371.01;3480;2.19
3403;4385.97;3554;2.19
3404;4326.76;3544;2.19
3405;4235.51;3527;2.19
3406;4230.63;3540;2.19
3407;4299.6;3542;2.19
3408;4361.25;3532;2.19
3409;4388.41;3520;2.19
3410;4351.48;3532;2.19
3411;4252.6;3542;2.19
3412;4158.91;3582;2.19
3413;4195.84;3515;2.19
3414;4265.11;3515;2.19
3415;4314.25;3535;2.19
3416;4326.76;3522;2.19
3417;4274.88;3522;2.19
3418;4181.19;3532;2.19
3419;4166.23;3542;2.19
3420;4252.6;3535;2.19
3421;4334.09;3525;2.19
3422;4388.41;3488;2.19
3423;4385.97;3554;2.19
3424;4316.69;3547;2.19
3425;4227.88;3525;2.19
3426;4245.28;3542;2.19
3427;4319.13;3542;2.19
3428;4373.46;3527;2.19
3429;4390.85;3520;2.19
3430;4338.97;3532;2.19
3431;4230.63;3542;2.19
3432;4161.35;3576;2.19
3433;4203.47;3515;2.19
3434;4274.88;3512;2.19
3435;4319.13;3535;2.19
3436;4316.69;3517;2.19
3437;4257.48;3520;2.19
3438;4161.35;3535;2.19
3439;4173.86;3547;2.19
3440;4267.56;3532;2.19
3441;4348.74;3525;2.19
3442;4393.29;3493;2.19
3443;4380.78;3552;2.19
3444;4302.04;3549;2.19
3445;4227.88;3527;2.19
3446;4257.48;3540;2.19
3447;4334.09;3542;2.19
3448;4385.97;3527;2.19
3449;4398.18;3517;2.19
3450;4348.74;3532;2.19
3451;4245.28;3537;2.19
3452;4168.98;3564;2.19
3453;4215.67;3512;2.19
3454;4282.2;3507;2.19
3455;4331.65;3535;2.19
3456;4331.65;3520;2.19
3457;4267.56;3517;2.19
3458;4168.98;3540;2.19
3459;4181.19;3542;2.19
3460;4272.44;3532;2.19
3461;4353.92;3530;2.2
3462;4400.62;3500;2.2
3463;4388.41;3549;2.2
3464;4311.81;3557;2.2
3465;4230.63;3527;2.2
3466;4265.11;3544;2.2
3467;4338.97;3547;2.2
3468;4388.41;3520;2.2
3469;4398.18;3525;2.2
3470;4334.09;3532;2.2
3471;4220.56;3537;2.2
3472;4168.98;3562;2.2
3473;4201.03;3512;2.2
3474;4267.56;3500;2.2
3475;4321.88;3532;2.2
3476;4336.53;3522;2.2
3477;4284.65;3515;2.2
3478;4190.95;3542;2.2
3479;4166.23;3540;2.2
3480;4252.6;3537;2.2
3481;4341.41;3530;2.2
3482;4395.73;3507;2.2
3483;4398.18;3552;2.2
3484;4334.09;3564;2.2
3485;4245.28;3530;2.2
3486;4255.04;3542;2.2
3487;4326.76;3544;2.2
3488;4385.97;3542;2.2
3489;4407.94;3515;2.2
3490;4358.81;3535;2.2
3491;4255.04;3542;2.2
3492;4173.86;3609;2.2
3493;4218.12;3512;2.2
3494;4287.09;3515;2.2
3495;4336.53;3532;2.2
3496;4336.53;3522;2.2
3497;4272.44;3522;2.2
3498;4173.86;3520;2.2
3499;4181.19;3544;2.2
3500;4274.88;3532;2.2
3501;4358.81;3520;2.2
3502;4403.06;3460;2.2
3503;4395.73;3552;2.2
3504;4319.13;3542;2.2
3505;4240.39;3527;2.2
3506;4270;3540;2.2
3507;4343.85;3540;2.2
3508;4395.73;3540;2.2
3509;4407.94;3517;2.2
3510;4341.41;3532;2.2
3511;4233.07;3540;2.2
3512;4176.31;3601;2.2
3513;4230.63;3512;2.2
3514;4297.16;3517;2.2
3515;4341.41;3530;2.2
3516;4334.09;3522;2.2
3517;4260.23;3520;2.2
3518;4168.98;3522;2.2
3519;4168.98;3544;2.2
3520;4257.48;3532;2.2
3521;4346.29;3520;2.2
3522;4400.62;3463;2.2
3523;4407.94;3549;2.2
3524;4343.85;3547;2.2
3525;4252.6;3525;2.21
3526;4257.48;3537;2.21
3527;4331.65;3542;2.21
3528;4393.29;3535;2.21
3529;4413.13;3515;2.21
3530;4366.13;3532;2.21
3531;4262.67;3540;2.21
3532;4178.75;3594;2.21
3533;4223;3517;2.21
3534;4289.83;3515;2.21
3535;4338.97;3535;2.21
3536;4348.74;3522;2.21
3537;4284.65;3520;2.21
3538;4188.51;3525;2.21
3539;4183.63;3544;2.21
3540;4277.32;3532;2.21
3541;4363.69;3522;2.21
3542;4410.38;3473;2.21
3543;4403.06;3552;2.21
3544;4329.2;3544;2.21
3545;4247.72;3525;2.21
3546;4274.88;3542;2.21
3547;4348.74;3537;2.21
3548;4403.06;3532;2.21
3549;4415.57;3517;2.21
3550;4356.36;3535;2.21
3551;4247.72;3540;2.21
3552;4186.07;3584;2.21
3553;4237.95;3510;2.21
3554;4309.37;3512;2.21
3555;4353.92;3532;2.21
3556;4343.85;3522;2.21
3557;4277.32;3522;2.21
3558;4181.19;3527;2.21
3559;4205.91;3542;2.21
3560;4304.48;3532;2.21
3561;4385.97;3522;2.21
3562;4425.34;3480;2.21
3563;4405.5;3552;2.21
3564;4321.88;3544;2.21
3565;4255.04;3525;2.21
3566;4294.72;3540;2.21
3567;4356.36;3540;2.21
3568;4407.94;3530;2.21
3569;4422.9;3520;2.21
3570;4363.69;3535;2.21
3571;4252.6;3540;2.21
3572;4188.51;3574;2.21
3573;4237.95;3512;2.21
3574;4309.37;3515;2.21
3575;4353.92;3532;2.21
3576;4348.74;3525;2.21
3577;4279.76;3520;2.21
3578;4183.63;3535;2.21
3579;4205.91;3542;2.21
3580;4302.04;3535;2.21
3581;4383.53;3525;2.21
3582;4425.34;3485;2.21
3583;4405.5;3552;2.21
3584;4326.76;3552;2.21
3585;4255.04;3525;2.21
3586;4294.72;3537;2.21
3587;4371.01;3540;2.21
3588;4420.45;3525;2.22
3589;4422.9;3520;2.22
3590;4385.97;3532;2.22
3591;4284.65;3537;2.22
3592;4195.84;3564;2.22
3593;4233.07;3517;2.22
3594;4299.6;3507;2.22
3595;4353.92;3535;2.22
3596;4363.69;3520;2.22
3597;4306.92;3517;2.22
3598;4208.35;3537;2.22
3599;4195.84;3542;2.22
3600;4287.09;3535;2.22
3601;4378.34;3527;2.22
3602;4422.9;3498;2.22
3603;4422.9;3552;2.22
3604;4351.48;3554;2.22
3605;4265.11;3527;2.22
3606;4284.65;3540;2.22
3607;4361.25;3542;2.22
3608;4420.45;3517;2.22
3609;4432.66;3525;2.22
3610;4378.34;3530;2.22
3611;4267.56;3540;2.22
3612;4198.58;3564;2.22
3613;4245.28;3515;2.22
3614;4314.25;3498;2.22
3615;4361.25;3532;2.22
3616;4358.81;3522;2.22
3617;4292.28;3515;2.22
3618;4195.84;3540;2.22
3619;4208.35;3542;2.22
3620;4306.92;3535;2.22
3621;4393.29;3527;2.22
3622;4435.1;3505;2.22
3623;4420.45;3552;2.22
3624;4336.53;3562;2.22
3625;4262.67;3527;2.22
3626;4299.6;3542;2.22
3627;4375.9;3544;2.22
3628;4425.34;3515;2.22
3629;4430.22;3525;2.22
3630;4363.69;3532;2.22
3631;4245.28;3537;2.22
3632;4203.47;3554;2.22
3633;4260.23;3515;2.22
3634;4331.65;3493;2.22
3635;4371.01;3530;2.22
3636;4356.36;3520;2.22
3637;4277.32;3512;2.22
3638;4213.23;3542;2.22
3639;4198.58;3540;2.22
3640;4289.83;3532;2.22
3641;4378.34;3522;2.22
3642;4427.78;3512;2.22
3643;4427.78;3549;2.22
3644;4361.25;3567;2.22
3645;4270;3532;2.22
3646;4287.09;3542;2.22
3647;4363.69;3542;2.22
3648;4422.9;3517;2.23
3649;4439.99;3522;2.23
3650;4388.41;3530;2.23
3651;4277.32;3544;2.23
3652;4201.03;3544;2.23
3653;4252.6;3515;2.23
3654;4321.88;3490;2.23
3655;4371.01;3532;2.23
3656;4371.01;3522;2.23
3657;4302.04;3517;2.23
3658;4205.91;3544;2.23
3659;4215.67;3537;2.23
3660;4311.81;3532;2.23
3661;4395.73;3515;2.23
3662;4439.99;3522;2.23
3663;4425.34;3549;2.23
3664;4348.74;3569;2.23
3665;4270;3530;2.23
3666;4302.04;3542;2.23
3667;4383.53;3547;2.23
3668;4432.66;3515;2.23
3669;4439.99;3527;2.23
3670;4375.9;3530;2.23
3671;4262.67;3542;2.23
3672;4213.23;3594;2.23
3673;4267.56;3512;2.23
3674;4338.97;3512;2.23
3675;4380.78;3532;2.23
3676;4368.57;3522;2.23
3677;4289.83;3520;2.23
3678;4195.84;3522;2.23
3679;4233.07;3544;2.23
3680;4334.09;3532;2.23
3681;4407.94;3522;2.23
3682;4445.17;3473;2.23
3683;4420.45;3552;2.23
3684;4336.53;3544;2.23
3685;4274.88;3527;2.23
3686;4309.37;3540;2.23
3687;4385.97;3542;2.23
3688;4439.99;3535;2.23
3689;4450.06;3520;2.23
3690;4385.97;3530;2.23
3691;4270;3542;2.23
3692;4218.12;3589;2.23
3693;4272.44;3515;2.23
3694;4343.85;3512;2.23
3695;4385.97;3532;2.23
3696;4375.9;3522;2.23
3697;4294.72;3522;2.23
3698;4203.47;3527;2.23
3699;4235.51;3544;2.23
3700;4336.53;3532;2.23
3701;4415.57;3522;2.23
3702;4454.94;3480;2.23
3703;4425.34;3552;2.23
3704;4336.53;3544;2.23
3705;4277.32;3527;2.23
3706;4326.76;3537;2.23
3707;4405.5;3542;2.24
3708;4435.1;3527;2.24
3709;4454.94;3522;2.24
3710;4410.38;3530;2.24
3711;4297.16;3537;2.24
3712;4218.12;3576;2.24
3713;4260.23;3512;2.24
3714;4331.65;3515;2.24
3715;4383.53;3532;2.24
3716;4385.97;3520;2.24
3717;4321.88;3520;2.24
3718;4223;3532;2.24
3719;4223;3542;2.24
3720;4319.13;3532;2.24
3721;4405.5;3525;2.24
3722;4452.5;3490;2.24
3723;4439.99;3549;2.24
3724;4366.13;3549;2.24
3725;4279.76;3527;2.24
3726;4306.92;3540;2.24
3727;4388.41;3542;2.24
3728;4445.17;3525;2.24
3729;4454.94;3522;2.24
3730;4393.29;3530;2.24
3731;4277.32;3537;2.24
3732;4218.12;3569;2.24
3733;4274.88;3515;2.24
3734;4346.29;3507;2.24
3735;4390.85;3532;2.24
3736;4383.53;3522;2.24
3737;4306.92;3517;2.24
3738;4210.79;3535;2.24
3739;4240.39;3542;2.24
3740;4338.97;3535;2.24
3741;4420.45;3530;2.24
3742;4457.38;3493;2.24
3743;4435.1;3549;2.24
3744;4351.48;3554;2.24
3745;4279.76;3525;2.24
3746;4324.32;3540;2.24
3747;4405.5;3542;2.24
3748;4457.38;3525;2.24
3749;4457.38;3522;2.24
3750;4380.78;3532;2.24
3751;4265.11;3537;2.24
3752;4233.07;3562;2.24
3753;4294.72;3515;2.24
3754;4363.69;3500;2.24
3755;4403.06;3535;2.24
3756;4398.18;3520;2.24
3757;4334.09;3515;2.24
3758;4235.51;3542;2.24
3759;4227.88;3540;2.24
3760;4321.88;3532;2.24
3761;4413.13;3525;2.24
3762;4462.26;3503;2.24
3763;4450.06;3552;2.24
3764;4373.46;3559;2.24
3765;4287.09;3525;2.25
3766;4309.37;3542;2.25
3767;4390.85;3547;2.25
3768;4450.06;3520;2.25
3769;4462.26;3525;2.25
3770;4403.06;3530;2.25
3771;4284.65;3540;2.25
3772;4223;3554;2.25
3773;4277.32;3517;2.25
3774;4351.48;3498;2.25
3775;4395.73;3532;2.25
3776;4393.29;3517;2.25
3777;4319.13;3515;2.25
3778;4225.44;3544;2.25
3779;4245.28;3537;2.25
3780;4346.29;3532;2.25
3781;4427.78;3522;2.25
3782;4472.03;3510;2.25
3783;4452.5;3549;2.25
3784;4366.13;3562;2.25
3785;4289.83;3530;2.25
3786;4331.65;3542;2.25
3787;4410.38;3542;2.25
3788;4462.26;3517;2.25
3789;4459.82;3527;2.25
3790;4385.97;3530;2.25
3791;4270;3544;2.25
3792;4233.07;3547;2.25
3793;4292.28;3512;2.25
3794;4366.13;3490;2.25
3795;4407.94;3530;2.25
3796;4385.97;3520;2.25
3797;4306.92;3517;2.25
3798;4218.12;3544;2.25
3799;4265.11;3537;2.25
3800;4366.13;3532;2.25
3801;4439.99;3515;2.25
3802;4472.03;3520;2.25
3803;4450.06;3547;2.25
3804;4366.13;3569;2.25
3805;4287.09;3527;2.25
3806;4329.2;3542;2.25
3807;4413.13;3542;2.25
3808;4459.82;3515;2.25
3809;4462.26;3525;2.25
3810;4388.41;3532;2.25
3811;4270;3552;2.25
3812;4233.07;3544;2.25
3813;4292.28;3515;2.25
3814;4366.13;3490;2.25
3815;4405.5;3530;2.25
3816;4393.29;3522;2.25
3817;4311.81;3515;2.25
3818;4223;3544;2.25
3819;4265.11;3537;2.25
3820;4368.57;3532;2.25
3821;4442.73;3505;2.25
3822;4477.22;3522;2.26
3823;4445.17;3542;2.26
3824;4353.92;3567;2.26
3825;4294.72;3532;2.26
3826;4348.74;3540;2.26
3827;4398.18;3542;2.26
3828;4457.38;3512;2.26
3829;4472.03;3527;2.26
3830;4415.57;3532;2.26
3831;4299.6;3567;2.26
3832;4233.07;3532;2.26
3833;4282.2;3515;2.26
3834;4353.92;3493;2.26
3835;4403.06;3530;2.26
3836;4403.06;3520;2.26
3837;4331.65;3517;2.26
3838;4233.07;3544;2.26
3839;4247.72;3537;2.26
3840;4348.74;3532;2.26
3841;4430.22;3493;2.26
3842;4479.66;3530;2.26
3843;4459.82;3547;2.26
3844;4378.34;3564;2.26
3845;4297.16;3532;2.26
3846;4334.09;3542;2.26
3847;4415.57;3542;2.26
